0.247538	0.485242	0.267220	
0.275476	0.457867	0.266657	
0.328913	0.407570	0.263517	
0.388373	0.352231	0.259395	
0.443327	0.301403	0.255271	
0.490114	0.258290	0.251596	
0.528553	0.222947	0.248500	
0.559742	0.194305	0.245953	
0.585026	0.171095	0.243879	
0.605641	0.152175	0.242184	
0.622619	0.136617	0.240763	
0.636763	0.123703	0.239534	
0.648659	0.112888	0.238453	
0.658750	0.103761	0.237489	
0.667385	0.096002	0.236614	
0.674835	0.089360	0.235805	
0.681310	0.083644	0.235045	
0.686984	0.078702	0.234313	
0.692010	0.074427	0.233563	
0.696507	0.070747	0.232747	
0.700553	0.067583	0.231864	
0.704202	0.064855	0.230943	
0.707496	0.062499	0.230005	
0.710469	0.060463	0.229068	
0.713154	0.058703	0.228143	
0.715580	0.057183	0.227237	
0.717776	0.055872	0.226352	
0.719772	0.054744	0.225484	
0.721593	0.053776	0.224630	
0.723249	0.052950	0.223800	
0.724746	0.052254	0.223000	
0.726096	0.051676	0.222228	
0.727316	0.051205	0.221480	
0.728423	0.050827	0.220750	
0.729429	0.050529	0.220042	
0.730336	0.050296	0.219368	
0.731143	0.050120	0.218737	
0.731854	0.049995	0.218151	
0.732476	0.049914	0.217610	
0.733017	0.049871	0.217112	
0.733489	0.049858	0.216652	
0.733906	0.049871	0.216222	
0.734279	0.049906	0.215815	
0.734612	0.049958	0.215431	
0.734910	0.050016	0.215074	
0.735180	0.050074	0.214746	
0.735429	0.050126	0.214445	
0.735660	0.050167	0.214173	
0.735871	0.050197	0.213933	
0.736061	0.050217	0.213722	
0.736237	0.050232	0.213531	
0.736399	0.050242	0.213360	
0.736546	0.050244	0.213210	
0.736701	0.050232	0.213067	
0.736904	0.050199	0.212897	
0.737168	0.050144	0.212688	
0.737482	0.050071	0.212447	
0.737835	0.049983	0.212181	
0.738218	0.049883	0.211899	
0.738621	0.049773	0.211607	
0.739036	0.049654	0.211310	
0.739454	0.049528	0.211018	
0.739863	0.049397	0.210740	
0.740247	0.049264	0.210489	
0.740589	0.049135	0.210276	
0.740876	0.049015	0.210109	
0.741095	0.048910	0.209995	
0.741239	0.048819	0.209942	
0.741306	0.048740	0.209954	
0.741304	0.048668	0.210028	
0.741242	0.048598	0.210159	
0.741128	0.048524	0.210347	
0.740968	0.048441	0.210591	
0.740763	0.048346	0.210891	
0.740513	0.048242	0.211245	
0.740229	0.048129	0.211642	
0.739930	0.048006	0.212064	
0.739637	0.047870	0.212493	
0.739369	0.047719	0.212912	
0.739140	0.047554	0.213307	
0.738955	0.047375	0.213670	
0.738820	0.047185	0.213995	
0.738739	0.046985	0.214276	
0.738712	0.046779	0.214509	
0.738749	0.046563	0.214687	
0.738867	0.046336	0.214797	
0.739075	0.046094	0.214832	
0.739372	0.045834	0.214794	
0.739764	0.045554	0.214682	
0.740246	0.045256	0.214497	
0.740802	0.044951	0.214247	
0.741412	0.044645	0.213942	
0.742061	0.044343	0.213596	
0.742736	0.044045	0.213219	
0.743430	0.043758	0.212812	
0.744137	0.043483	0.212381	
0.744844	0.043226	0.211930	
0.745547	0.042992	0.211461	
0.746230	0.042783	0.210987	
0.746878	0.042601	0.210521	
0.747483	0.042447	0.210070	
0.748037	0.042324	0.209639	
0.748541	0.042229	0.209229	
0.748999	0.042161	0.208841	
0.749409	0.042117	0.208474	
0.749770	0.042099	0.208131	
0.750071	0.042114	0.207815	
0.750303	0.042168	0.207529	
0.750474	0.042257	0.207269	
0.750599	0.042376	0.207025	
0.750693	0.042523	0.206785	
0.750789	0.042686	0.206524	
0.750922	0.042856	0.206222	
0.751110	0.043025	0.205864	
0.751362	0.043199	0.205438	
0.751678	0.043390	0.204932	
0.752052	0.043608	0.204340	
0.752477	0.043862	0.203661	
0.752941	0.044154	0.202904	
0.753439	0.044485	0.202076	
0.753966	0.044853	0.201181	
0.754517	0.045257	0.200226	
0.755087	0.045690	0.199223	
0.755665	0.046150	0.198185	
0.756251	0.046632	0.197117	
0.756860	0.047126	0.196014	
0.757496	0.047622	0.194882	
0.758160	0.048113	0.193727	
0.758845	0.048593	0.192561	
0.759539	0.049060	0.191401	
0.760233	0.049512	0.190254	
0.760930	0.049944	0.189125	
0.761633	0.050351	0.188017	
0.762338	0.050730	0.186931	
0.763042	0.051085	0.185873	
0.763736	0.051418	0.184846	
0.764412	0.051734	0.183854	
0.765060	0.052037	0.182902	
0.765665	0.052328	0.182006	
0.766211	0.052603	0.181186	
0.766672	0.052862	0.180466	
0.767017	0.053111	0.179872	
0.767196	0.053364	0.179440	
0.767158	0.053643	0.179199	
0.766897	0.053954	0.179149	
0.766440	0.054295	0.179265	
0.765809	0.054661	0.179531	
0.765023	0.055047	0.179931	
0.764100	0.055452	0.180448	
0.763057	0.055878	0.181065	
0.761916	0.056318	0.181766	
0.760691	0.056772	0.182537	
0.759382	0.057243	0.183376	
0.757975	0.057741	0.184284	
0.756461	0.058277	0.185262	
0.754834	0.058855	0.186311	
0.753091	0.059476	0.187433	
0.751225	0.060140	0.188636	
0.749230	0.060840	0.189930	
0.747107	0.061568	0.191325	
0.744867	0.062313	0.192819	
0.742535	0.063065	0.194399	
0.740146	0.063815	0.196039	
0.737737	0.064555	0.197708	
0.735342	0.065279	0.199379	
0.732985	0.065979	0.201037	
0.730693	0.066646	0.202661	
0.728505	0.067273	0.204222	
0.726447	0.067855	0.205698	
0.724531	0.068388	0.207081	
0.722769	0.068867	0.208364	
0.721180	0.069283	0.209537	
0.719779	0.069628	0.210593	
0.718581	0.069898	0.211520	
0.717600	0.070091	0.212308	
0.716835	0.070205	0.212960	
0.716275	0.070239	0.213486	
0.715926	0.070196	0.213877	
0.715808	0.070082	0.214111	
0.715904	0.069902	0.214194	
0.716182	0.069667	0.214151	
0.716615	0.069389	0.213997	
0.717173	0.069076	0.213751	
0.717825	0.068739	0.213436	
0.718544	0.068387	0.213069	
0.719313	0.068028	0.212659	
0.720117	0.067667	0.212216	
0.720933	0.067309	0.211758	
0.721722	0.066963	0.211315	
0.722445	0.066632	0.210923	
0.723068	0.066311	0.210620	
0.723558	0.065998	0.210443	
0.723892	0.065698	0.210410	
0.724064	0.065413	0.210523	
0.724069	0.065147	0.210784	
0.723900	0.064901	0.211199	
0.723566	0.064677	0.211756	
0.723090	0.064475	0.212436	
0.722495	0.064292	0.213214	
0.721804	0.064131	0.214065	
0.721036	0.063994	0.214970	
0.720207	0.063882	0.215912	
0.719321	0.063799	0.216880	
0.718372	0.063750	0.217878	
0.717358	0.063738	0.218903	
0.716295	0.063764	0.219941	
0.715202	0.063826	0.220973	
0.714095	0.063920	0.221986	
0.712986	0.064045	0.222969	
0.711882	0.064204	0.223914	
0.710797	0.064393	0.224810	
0.709759	0.064598	0.225642	
0.708818	0.064811	0.226371	
0.708031	0.065021	0.226947	
0.707412	0.065224	0.227364	
0.706939	0.065418	0.227643	
0.706599	0.065605	0.227797	
0.706382	0.065781	0.227837	
0.706282	0.065946	0.227772	
0.706291	0.066099	0.227611	
0.706394	0.066239	0.227367	
0.706584	0.066368	0.227048	
0.706859	0.066482	0.226659	
0.707212	0.066578	0.226210	
0.707627	0.066656	0.225718	
0.708091	0.066718	0.225191	
0.708602	0.066763	0.224635	
0.709156	0.066790	0.224054	
0.709751	0.066798	0.223451	
0.710387	0.066784	0.222829	
0.711057	0.066742	0.222201	
0.711754	0.066668	0.221578	
0.712471	0.066562	0.220967	
0.713197	0.066431	0.220372	
0.713927	0.066279	0.219793	
0.714655	0.066112	0.219233	
0.715384	0.065925	0.218691	
0.716121	0.065716	0.218163	
0.716871	0.065486	0.217643	
0.717628	0.065235	0.217137	
0.718381	0.064965	0.216655	
0.719121	0.064676	0.216203	
0.719848	0.064366	0.215786	
0.720556	0.064034	0.215410	
0.721248	0.063677	0.215075	
0.721934	0.063293	0.214773	
0.722622	0.062881	0.214497	
0.723311	0.062439	0.214249	
0.724030	0.061960	0.214010	
0.724843	0.061431	0.213726	
0.725770	0.060851	0.213379	
0.726795	0.060230	0.212975	
0.727897	0.059580	0.212522	
0.729058	0.058914	0.212028	
0.730266	0.058240	0.211494	
0.731512	0.057562	0.210925	
0.732789	0.056886	0.210324	
0.734101	0.056220	0.209679	
0.735447	0.055572	0.208980	
0.736809	0.054952	0.208238	
0.738172	0.054367	0.207461	
0.739532	0.053818	0.206650	
0.740889	0.053308	0.205803	
0.742240	0.052843	0.204916	
0.743584	0.052425	0.203991	
0.744913	0.052058	0.203029	
0.746222	0.051745	0.202033	
0.747504	0.051489	0.201008	
0.748751	0.051284	0.199965	
0.749954	0.051127	0.198919	
0.751102	0.051012	0.197886	
0.752193	0.050932	0.196875	
0.753230	0.050879	0.195890	
0.754216	0.050847	0.194937	
0.755143	0.050828	0.194028	
0.756002	0.050816	0.193183	
0.756781	0.050803	0.192417	
0.757479	0.050788	0.191733	
0.758103	0.050768	0.191129	
0.758652	0.050741	0.190607	
0.759118	0.050705	0.190177	
0.759496	0.050659	0.189845	
0.759791	0.050607	0.189602	
0.759985	0.050548	0.189467	
0.760042	0.050475	0.189483	
0.759957	0.050387	0.189656	
0.759750	0.050286	0.189964	
0.759444	0.050171	0.190384	
0.759053	0.050047	0.190900	
0.758587	0.049915	0.191497	
0.758060	0.049782	0.192158	
0.757482	0.049646	0.192872	
0.756867	0.049505	0.193628	
0.756223	0.049362	0.194415	
0.755548	0.049222	0.195229	
0.754843	0.049091	0.196066	
0.754109	0.048978	0.196913	
0.753351	0.048893	0.197756	
0.752572	0.048839	0.198589	
0.751792	0.048816	0.199392	
0.751047	0.048818	0.200135	
0.750388	0.048831	0.200782	
0.749869	0.048838	0.201293	
0.749507	0.048831	0.201661	
0.749291	0.048808	0.201901	
0.749213	0.048771	0.202016	
0.749264	0.048723	0.202012	
0.749439	0.048669	0.201892	
0.749729	0.048618	0.201653	
0.750127	0.048576	0.201297	
0.750629	0.048548	0.200823	
0.751234	0.048532	0.200234	
0.751928	0.048526	0.199546	
0.752688	0.048530	0.198782	
0.753489	0.048543	0.197968	
0.754306	0.048567	0.197128	
0.755124	0.048600	0.196276	
0.755929	0.048640	0.195431	
0.756671	0.048684	0.194645	
0.757276	0.048736	0.193988	
0.757721	0.048794	0.193485	
0.758021	0.048860	0.193118	
0.758191	0.048935	0.192873	
0.758248	0.049015	0.192737	
0.758205	0.049096	0.192699	
0.758073	0.049180	0.192747	
0.757861	0.049267	0.192872	
0.757573	0.049358	0.193069	
0.757222	0.049445	0.193333	
0.756830	0.049520	0.193650	
0.756413	0.049572	0.194015	
0.755981	0.049590	0.194429	
0.755532	0.049569	0.194899	
0.755058	0.049509	0.195433	
0.754552	0.049414	0.196035	
0.754003	0.049290	0.196708	
0.753402	0.049142	0.197455	
0.752745	0.048978	0.198277	
0.752034	0.048800	0.199166	
0.751280	0.048612	0.200107	
0.750494	0.048417	0.201089	
0.749679	0.048220	0.202101	
0.748831	0.048026	0.203143	
0.747945	0.047841	0.204214	
0.747027	0.047669	0.205304	
0.746104	0.047509	0.206387	
0.745212	0.047356	0.207432	
0.744392	0.047205	0.208403	
0.743682	0.047052	0.209266	
0.743113	0.046892	0.209995	
0.742706	0.046716	0.210578	
0.742473	0.046518	0.211009	
0.742419	0.046291	0.211290	
0.742541	0.046032	0.211427	
0.742803	0.045741	0.211456	
0.743144	0.045422	0.211434	
0.743527	0.045079	0.211395	
0.743935	0.044717	0.211348	
0.744352	0.044345	0.211303	
0.744775	0.043969	0.211256	
0.745198	0.043594	0.211208	
0.745609	0.043225	0.211166	
0.746004	0.042862	0.211135	
0.746383	0.042508	0.211110	
0.746753	0.042163	0.211084	
0.747130	0.041825	0.211046	
0.747538	0.041489	0.210973	
0.747999	0.041152	0.210849	
0.748524	0.040811	0.210665	
0.749115	0.040464	0.210421	
0.749777	0.040113	0.210111	
0.750512	0.039765	0.209722	
0.751316	0.039430	0.209253	
0.752172	0.039113	0.208716	
0.753060	0.038814	0.208126	
0.753964	0.038538	0.207498	
0.754863	0.038292	0.206845	
0.755740	0.038077	0.206183	
0.756579	0.037895	0.205526	
0.757371	0.037746	0.204882	
0.758107	0.037631	0.204262	
0.758772	0.037545	0.203683	
0.759355	0.037486	0.203160	
0.759851	0.037450	0.202699	
0.760258	0.037435	0.202307	
0.760585	0.037434	0.201980	
0.760852	0.037444	0.201705	
0.761073	0.037459	0.201469	
0.761259	0.037477	0.201265	
0.761419	0.037501	0.201080	
0.761563	0.037534	0.200903	
0.761689	0.037578	0.200733	
0.761802	0.037630	0.200568	
0.761904	0.037692	0.200404	
0.761992	0.037763	0.200245	
0.762066	0.037841	0.200093	
0.762113	0.037925	0.199961	
0.762091	0.038019	0.199890	
0.761946	0.038132	0.199922	
0.761639	0.038275	0.200086	
0.761148	0.038453	0.200399	
0.760462	0.038670	0.200868	
0.759575	0.038929	0.201495	
0.758482	0.039238	0.202280	
0.757183	0.039597	0.203220	
0.755695	0.040004	0.204301	
0.754041	0.040457	0.205502	
0.752259	0.040953	0.206788	
0.750396	0.041495	0.208109	
0.748486	0.042077	0.209437	
0.746551	0.042690	0.210758	
0.744610	0.043328	0.212063	
0.742671	0.043982	0.213346	
0.740748	0.044648	0.214604	
0.738849	0.045322	0.215829	
0.736985	0.045999	0.217016	
0.735166	0.046675	0.218159	
0.733391	0.047349	0.219260	
0.731661	0.048017	0.220322	
0.729982	0.048675	0.221343	
0.728361	0.049319	0.222320	
0.726801	0.049948	0.223251	
0.725313	0.050557	0.224129	
0.723921	0.051143	0.224936	
0.722676	0.051702	0.225622	
0.721641	0.052229	0.226129	
0.720832	0.052722	0.226446	
0.720227	0.053180	0.226593	
0.719809	0.053605	0.226587	
0.719557	0.053996	0.226447	
0.719460	0.054354	0.226186	
0.719521	0.054681	0.225798	
0.719745	0.054978	0.225277	
0.720122	0.055248	0.224630	
0.720636	0.055493	0.223871	
0.721266	0.055716	0.223018	
0.721987	0.055916	0.222097	
0.722769	0.056092	0.221139	
0.723591	0.056244	0.220165	
0.724444	0.056376	0.219180	
0.725327	0.056489	0.218184	
0.726246	0.056580	0.217173	
0.727262	0.056632	0.216106	
0.728474	0.056618	0.214908	
0.729905	0.056532	0.213563	
0.731513	0.056382	0.212105	
0.733251	0.056176	0.210573	
0.735081	0.055926	0.208993	
0.736975	0.055639	0.207387	
0.738907	0.055322	0.205772	
0.740858	0.054982	0.204160	
0.742812	0.054626	0.202562	
0.744760	0.054257	0.200984	
0.746693	0.053881	0.199426	
0.748600	0.053504	0.197896	
0.750461	0.053134	0.196405	
0.752259	0.052773	0.194968	
0.753978	0.052426	0.193595	
0.755611	0.052096	0.192293	
0.757142	0.051785	0.191073	
0.758551	0.051494	0.189955	
0.759838	0.051215	0.188946	
0.761015	0.050946	0.188039	
0.762088	0.050686	0.187226	
0.763063	0.050439	0.186499	
0.763949	0.050203	0.185849	
0.764761	0.049973	0.185266	
0.765517	0.049743	0.184740	
0.766227	0.049509	0.184264	
0.766894	0.049268	0.183837	
0.767526	0.049022	0.183452	
0.768132	0.048771	0.183097	
0.768719	0.048513	0.182768	
0.769290	0.048245	0.182465	
0.769844	0.047967	0.182190	
0.770378	0.047677	0.181944	
0.770900	0.047374	0.181726	
0.771411	0.047056	0.181533	
0.771913	0.046723	0.181364	
0.772403	0.046382	0.181215	
0.772886	0.046036	0.181078	
0.773358	0.045691	0.180951	
0.773809	0.045351	0.180839	
0.774238	0.045021	0.180741	
0.774641	0.044702	0.180657	
0.775012	0.044399	0.180589	
0.775356	0.044112	0.180532	
0.775685	0.043841	0.180474	
0.776010	0.043588	0.180402	
0.776331	0.043355	0.180314	
0.776646	0.043142	0.180212	
0.776960	0.042946	0.180094	
0.777276	0.042763	0.179961	
0.777591	0.042591	0.179818	
0.777906	0.042428	0.179666	
0.778221	0.042269	0.179510	
0.778534	0.042104	0.179362	
0.778837	0.041930	0.179232	
0.779125	0.041753	0.179122	
0.779396	0.041575	0.179028	
0.779646	0.041401	0.178954	
0.779872	0.041226	0.178902	
0.780080	0.041050	0.178870	
0.780284	0.040875	0.178842	
0.780504	0.040699	0.178796	
0.780760	0.040524	0.178716	
0.781062	0.040349	0.178588	
0.781413	0.040178	0.178409	
0.781802	0.040011	0.178187	
0.782210	0.039851	0.177939	
0.782618	0.039699	0.177682	
0.783021	0.039560	0.177419	
0.783430	0.039433	0.177138	
0.783917	0.039311	0.176772	
0.784598	0.039179	0.176223	
0.785503	0.039032	0.175465	
0.786593	0.038871	0.174535	
0.787832	0.038701	0.173467	
0.789183	0.038523	0.172294	
0.790615	0.038342	0.171043	
0.792101	0.038160	0.169739	
0.793625	0.037975	0.168400	
0.795173	0.037783	0.167044	
0.796737	0.037582	0.165681	
0.798314	0.037374	0.164312	
0.799892	0.037160	0.162947	
0.801451	0.036943	0.161605	
0.802967	0.036725	0.160308	
0.804421	0.036508	0.159070	
0.805799	0.036297	0.157905	
0.807084	0.036094	0.156822	
0.808266	0.035904	0.155830	
0.809345	0.035724	0.154931	
0.810326	0.035557	0.154118	
0.811210	0.035400	0.153390	
0.811997	0.035254	0.152750	
0.812683	0.035119	0.152198	
0.813268	0.034995	0.151737	
0.813762	0.034876	0.151362	
0.814183	0.034755	0.151061	
0.814544	0.034628	0.150828	
0.814844	0.034491	0.150665	
0.815090	0.034345	0.150566	
0.815289	0.034189	0.150522	
0.815447	0.034025	0.150529	
0.815571	0.033855	0.150574	
0.815668	0.033684	0.150649	
0.815741	0.033513	0.150746	
0.815797	0.033347	0.150856	
0.815844	0.033187	0.150969	
0.815884	0.033037	0.151079	
0.815917	0.032897	0.151187	
0.815939	0.032767	0.151294	
0.815951	0.032648	0.151401	
0.815952	0.032540	0.151508	
0.815939	0.032446	0.151615	
0.815912	0.032368	0.151721	
0.815871	0.032311	0.151818	
0.815823	0.032283	0.151894	
0.815778	0.032285	0.151937	
0.815741	0.032319	0.151940	
0.815710	0.032389	0.151901	
0.815684	0.032498	0.151818	
0.815664	0.032649	0.151688	
0.815641	0.032840	0.151519	
0.815592	0.033072	0.151336	
0.815491	0.033343	0.151167	
0.815323	0.033649	0.151027	
0.815091	0.033986	0.150922	
0.814798	0.034348	0.150854	
0.814445	0.034729	0.150827	
0.814039	0.035121	0.150841	
0.813586	0.035517	0.150898	
0.813080	0.035911	0.151009	
0.812511	0.036298	0.151191	
0.811867	0.036676	0.151457	
0.811140	0.037040	0.151820	
0.810324	0.037384	0.152292	
0.809418	0.037707	0.152875	
0.808431	0.038007	0.153562	
0.807370	0.038280	0.154350	
0.806240	0.038524	0.155236	
0.805046	0.038739	0.156215	
0.803732	0.038933	0.157336	
0.802183	0.039123	0.158694	
0.800359	0.039316	0.160325	
0.798297	0.039517	0.162186	
0.796034	0.039725	0.164241	
0.793596	0.039940	0.166464	
0.791012	0.040166	0.168823	
0.788305	0.040405	0.171290	
0.785478	0.040667	0.173856	
0.782528	0.040958	0.176514	
0.779460	0.041285	0.179255	
0.776286	0.041646	0.182068	
0.773035	0.042041	0.184924	
0.769749	0.042468	0.187783	
0.766479	0.042923	0.190598	
0.763287	0.043397	0.193316	
0.760237	0.043880	0.195883	
0.757372	0.044363	0.198264	
0.754744	0.044842	0.200414	
0.752407	0.045314	0.202279	
0.750376	0.045775	0.203850	
0.748635	0.046223	0.205142	
0.747176	0.046659	0.206165	
0.745991	0.047083	0.206926	
0.745060	0.047494	0.207446	
0.744357	0.047889	0.207754	
0.743860	0.048267	0.207873	
0.743541	0.048627	0.207831	
0.743373	0.048970	0.207657	
0.743342	0.049291	0.207367	
0.743453	0.049581	0.206966	
0.743712	0.049828	0.206460	
0.744118	0.050030	0.205852	
0.744673	0.050183	0.205143	
0.745374	0.050289	0.204337	
0.746255	0.050338	0.203407	
0.747389	0.050311	0.202301	
0.748775	0.050209	0.201016	
0.750365	0.050046	0.199589	
0.752117	0.049832	0.198051	
0.753990	0.049578	0.196433	
0.755949	0.049291	0.194760	
0.757971	0.048979	0.193050	
0.760034	0.048648	0.191318	
0.762121	0.048300	0.189579	
0.764216	0.047940	0.187844	
0.766298	0.047574	0.186128	
0.768340	0.047210	0.184450	
0.770311	0.046857	0.182833	
0.772185	0.046519	0.181295	
0.773941	0.046202	0.179856	
0.775567	0.045908	0.178525	
0.777066	0.045637	0.177297	
0.778439	0.045398	0.176163	
0.779681	0.045208	0.175111	
0.780800	0.045070	0.174130	
0.781804	0.044981	0.173214	
0.782699	0.044939	0.172362	
0.783474	0.044944	0.171582	
0.784116	0.045000	0.170884	
0.784620	0.045109	0.170271	
0.784986	0.045271	0.169743	
0.785211	0.045481	0.169309	
0.785284	0.045742	0.168974	
0.785194	0.046060	0.168746	
0.784940	0.046432	0.168628	
0.784521	0.046851	0.168628	
0.783938	0.047310	0.168753	
0.783201	0.047799	0.169000	
0.782330	0.048311	0.169359	
0.781334	0.048840	0.169825	
0.780232	0.049377	0.170391	
0.779044	0.049910	0.171046	
0.777786	0.050433	0.171780	
0.776472	0.050945	0.172583	
0.775114	0.051441	0.173445	
0.773729	0.051917	0.174355	
0.772328	0.052369	0.175303	
0.770921	0.052797	0.176282	
0.769518	0.053199	0.177283	
0.768124	0.053579	0.178297	
0.766748	0.053940	0.179312	
0.765397	0.054279	0.180323	
0.764081	0.054600	0.181320	
0.762809	0.054908	0.182283	
0.761600	0.055213	0.183187	
0.760472	0.055521	0.184007	
0.759436	0.055838	0.184726	
0.758511	0.056168	0.185321	
0.757726	0.056516	0.185758	
0.757094	0.056881	0.186025	
0.756608	0.057259	0.186134	
0.756264	0.057642	0.186093	
0.756067	0.058029	0.185904	
0.756024	0.058418	0.185558	
0.756134	0.058813	0.185053	
0.756396	0.059213	0.184391	
0.756803	0.059618	0.183578	
0.757348	0.060033	0.182619	
0.758019	0.060459	0.181522	
0.758786	0.060895	0.180318	
0.759633	0.061335	0.179032	
0.760573	0.061762	0.177664	
0.761604	0.062170	0.176226	
0.762711	0.062557	0.174732	
0.763882	0.062926	0.173192	
0.765109	0.063273	0.171618	
0.766377	0.063591	0.170032	
0.767672	0.063878	0.168450	
0.768981	0.064139	0.166880	
0.770284	0.064376	0.165340	
0.771564	0.064584	0.163852	
0.772812	0.064761	0.162426	
0.774031	0.064904	0.161065	
0.775221	0.065005	0.159773	
0.776387	0.065061	0.158551	
0.777538	0.065068	0.157394	
0.778674	0.065023	0.156303	
0.779800	0.064923	0.155277	
0.780926	0.064766	0.154308	
0.782064	0.064549	0.153387	
0.783221	0.064267	0.152512	
0.784395	0.063919	0.151686	
0.785589	0.063504	0.150907	
0.786830	0.063012	0.150158	
0.788144	0.062435	0.149420	
0.789519	0.061781	0.148700	
0.790927	0.061068	0.148005	
0.792348	0.060315	0.147337	
0.793768	0.059538	0.146694	
0.795171	0.058750	0.146079	
0.796544	0.057958	0.145498	
0.797882	0.057172	0.144946	
0.799179	0.056402	0.144419	
0.800428	0.055658	0.143914	
0.801616	0.054948	0.143436	
0.802726	0.054277	0.142997	
0.803744	0.053650	0.142606	
0.804653	0.053072	0.142275	
0.805433	0.052551	0.142016	
0.806079	0.052093	0.141828	
0.806579	0.051707	0.141714	
0.806919	0.051407	0.141674	
0.807103	0.051192	0.141704	
0.807142	0.051057	0.141802	
0.807044	0.050992	0.141964	
0.806825	0.050991	0.142184	
0.806496	0.051049	0.142455	
0.806069	0.051165	0.142766	
0.805557	0.051339	0.143103	
0.804973	0.051571	0.143456	
0.804327	0.051858	0.143815	
0.803631	0.052198	0.144172	
0.802905	0.052588	0.144507	
0.802170	0.053026	0.144804	
0.801444	0.053503	0.145053	
0.800751	0.054005	0.145244	
0.800109	0.054519	0.145372	
0.799532	0.055039	0.145429	
0.798972	0.055552	0.145476	
0.798323	0.056044	0.145632	
0.797543	0.056506	0.145951	
0.796641	0.056936	0.146423	
0.795634	0.057329	0.147037	
0.794548	0.057686	0.147766	
0.793415	0.058005	0.148581	
0.792258	0.058281	0.149461	
0.791095	0.058514	0.150391	
0.789935	0.058702	0.151362	
0.788776	0.058844	0.152380	
0.787615	0.058936	0.153449	
0.786448	0.058977	0.154575	
0.785286	0.058961	0.155753	
0.784145	0.058884	0.156971	
0.783043	0.058739	0.158218	
0.782002	0.058521	0.159477	
0.781053	0.058225	0.160722	
0.780216	0.057851	0.161934	
0.779480	0.057409	0.163111	
0.778832	0.056918	0.164251	
0.778258	0.056392	0.165350	
0.777753	0.055843	0.166404	
0.777310	0.055283	0.167407	
0.776920	0.054722	0.168358	
0.776570	0.054174	0.169256	
0.776250	0.053646	0.170104	
0.775948	0.053143	0.170909	
0.775642	0.052669	0.171689	
0.775317	0.052222	0.172461	
0.774964	0.051805	0.173231	
0.774572	0.051425	0.174003	
0.774136	0.051087	0.174778	
0.773648	0.050790	0.175561	
0.773097	0.050535	0.176368	
0.772473	0.050311	0.177216	
0.771778	0.050102	0.178121	
0.771023	0.049901	0.179076	
0.770231	0.049709	0.180060	
0.769422	0.049525	0.181053	
0.768606	0.049348	0.182045	
0.767790	0.049178	0.183032	
0.766978	0.049014	0.184008	
0.766182	0.048859	0.184959	
0.765418	0.048710	0.185872	
0.764694	0.048567	0.186739	
0.764014	0.048423	0.187563	
0.763381	0.048277	0.188342	
0.762797	0.048126	0.189078	
0.762268	0.047967	0.189765	
0.761795	0.047798	0.190406	
0.761373	0.047625	0.191003	
0.760998	0.047451	0.191551	
0.760673	0.047279	0.192048	
0.760403	0.047101	0.192496	
0.760187	0.046910	0.192903	
0.760013	0.046710	0.193276	
0.759875	0.046503	0.193621	
0.759772	0.046290	0.193937	
0.759710	0.046072	0.194218	
0.759696	0.045849	0.194455	
0.759723	0.045624	0.194653	
0.759768	0.045405	0.194827	
0.759819	0.045201	0.194980	
0.759876	0.045023	0.195101	
0.759944	0.044878	0.195177	
0.760021	0.044768	0.195211	
0.760101	0.044690	0.195209	
0.760173	0.044641	0.195186	
0.760224	0.044622	0.195154	
0.760250	0.044627	0.195123	
0.760286	0.044633	0.195081	
0.760390	0.044604	0.195006	
0.760582	0.044525	0.194892	
0.760848	0.044406	0.194747	
0.761172	0.044250	0.194578	
0.761540	0.044063	0.194397	
0.761946	0.043847	0.194207	
0.762391	0.043608	0.194000	
0.762880	0.043349	0.193772	
0.763408	0.043070	0.193522	
0.763969	0.042775	0.193257	
0.764551	0.042461	0.192988	
0.765146	0.042131	0.192723	
0.765756	0.041786	0.192457	
0.766395	0.041429	0.192177	
0.767069	0.041063	0.191868	
0.767783	0.040693	0.191524	
0.768558	0.040315	0.191127	
0.769423	0.039927	0.190649	
0.770378	0.039533	0.190089	
0.771405	0.039135	0.189459	
0.772488	0.038741	0.188771	
0.773607	0.038356	0.188037	
0.774751	0.037988	0.187262	
0.775908	0.037640	0.186452	
0.777071	0.037319	0.185611	
0.778216	0.037029	0.184755	
0.779317	0.036772	0.183911	
0.780356	0.036547	0.183097	
0.781322	0.036351	0.182328	
0.782199	0.036176	0.181625	
0.782975	0.036018	0.181007	
0.783647	0.035872	0.180481	
0.784212	0.035740	0.180048	
0.784663	0.035623	0.179713	
0.785003	0.035526	0.179471	
0.785241	0.035455	0.179304	
0.785388	0.035414	0.179199	
0.785449	0.035399	0.179152	
0.785435	0.035410	0.179154	
0.785353	0.035448	0.179198	
0.785207	0.035512	0.179280	
0.784999	0.035603	0.179398	
0.784732	0.035722	0.179546	
0.784408	0.035872	0.179720	
0.784019	0.036061	0.179920	
0.783564	0.036291	0.180145	
0.783051	0.036564	0.180385	
0.782498	0.036879	0.180622	
0.781909	0.037237	0.180854	
0.781282	0.037638	0.181080	
0.780622	0.038079	0.181300	
0.779927	0.038558	0.181515	
0.779184	0.039077	0.181740	
0.778369	0.039636	0.181995	
0.777483	0.040231	0.182285	
0.776539	0.040856	0.182606	
0.775542	0.041505	0.182954	
0.774487	0.042175	0.183338	
0.773374	0.042864	0.183762	
0.772198	0.043574	0.184227	
0.770944	0.044313	0.184743	
0.769591	0.045087	0.185322	
0.768124	0.045902	0.185974	
0.766540	0.046765	0.186695	
0.764840	0.047676	0.187483	
0.763033	0.048634	0.188333	
0.761135	0.049628	0.189237	
0.759160	0.050653	0.190187	
0.757120	0.051702	0.191178	
0.755007	0.052759	0.192233	
0.752788	0.053808	0.193403	
0.750453	0.054841	0.194705	
0.748024	0.055854	0.196122	
0.745526	0.056840	0.197634	
0.742979	0.057797	0.199225	
0.740398	0.058722	0.200880	
0.737795	0.059617	0.202589	
0.735173	0.060480	0.204347	
0.732542	0.061309	0.206149	
0.729911	0.062102	0.207987	
0.727308	0.062853	0.209839	
0.724778	0.063554	0.211668	
0.722362	0.064200	0.213438	
0.720101	0.064782	0.215118	
0.718028	0.065292	0.216680	
0.716160	0.065730	0.218110	
0.714514	0.066098	0.219388	
0.713126	0.066388	0.220485	
0.712027	0.066592	0.221380	
0.711214	0.066714	0.222072	
0.710672	0.066759	0.222568	
0.710388	0.066729	0.222883	
0.710352	0.066622	0.223025	
0.710566	0.066441	0.222993	
0.711030	0.066186	0.222784	
0.711738	0.065856	0.222406	
0.712674	0.065454	0.221871	
0.713818	0.064990	0.221192	
0.715149	0.064471	0.220380	
0.716650	0.063909	0.219441	
0.718309	0.063317	0.218374	
0.720105	0.062704	0.217191	
0.722021	0.062072	0.215907	
0.724028	0.061424	0.214548	
0.726105	0.060760	0.213136	
0.728301	0.060060	0.211639	
0.730714	0.059290	0.209996	
0.733354	0.058447	0.208199	
0.736170	0.057550	0.206279	
0.739119	0.056612	0.204269	
0.742154	0.055644	0.202202	
0.745237	0.054659	0.200103	
0.748338	0.053668	0.197994	
0.751426	0.052674	0.195901	
0.754477	0.051678	0.193845	
0.757473	0.050686	0.191841	
0.760405	0.049701	0.189894	
0.763278	0.048723	0.188000	
0.766104	0.047756	0.186140	
0.768888	0.046806	0.184306	
0.771615	0.045883	0.182502	
0.774259	0.044999	0.180743	
0.776772	0.044176	0.179051	
0.779101	0.043434	0.177465	
0.781219	0.042772	0.176009	
0.783128	0.042188	0.174684	
0.784834	0.041676	0.173490	
0.786335	0.041234	0.172430	
0.787625	0.040862	0.171513	
0.788692	0.040562	0.170746	
0.789515	0.040335	0.170149	
0.790077	0.040183	0.169740	
0.790369	0.040104	0.169526	
0.790392	0.040097	0.169512	
0.790154	0.040151	0.169695	
0.789669	0.040256	0.170075	
0.788968	0.040399	0.170632	
0.788098	0.040566	0.171336	
0.787109	0.040744	0.172148	
0.786041	0.040923	0.173036	
0.784949	0.041094	0.173957	
0.783893	0.041249	0.174858	
0.782903	0.041381	0.175716	
0.781982	0.041487	0.176531	
0.781140	0.041567	0.177293	
0.780383	0.041623	0.177994	
0.779710	0.041656	0.178634	
0.779130	0.041663	0.179208	
0.778661	0.041642	0.179697	
0.778325	0.041595	0.180080	
0.778128	0.041525	0.180347	
0.778067	0.041441	0.180492	
0.778148	0.041346	0.180506	
0.778371	0.041244	0.180385	
0.778727	0.041136	0.180137	
0.779196	0.041027	0.179777	
0.779763	0.040917	0.179320	
0.780414	0.040810	0.178776	
0.781115	0.040706	0.178179	
0.781820	0.040607	0.177573	
0.782504	0.040512	0.176985	
0.783159	0.040420	0.176420	
0.783788	0.040331	0.175881	
0.784395	0.040245	0.175360	
0.784981	0.040165	0.174853	
0.785542	0.040091	0.174367	
0.786080	0.040019	0.173901	
0.786601	0.039947	0.173452	
0.787099	0.039872	0.173029	
0.787561	0.039791	0.172649	
0.787978	0.039701	0.172321	
0.788355	0.039598	0.172047	
0.788690	0.039479	0.171831	
0.788979	0.039339	0.171682	
0.789219	0.039175	0.171606	
0.789398	0.038995	0.171606	
0.789510	0.038816	0.171674	
0.789561	0.038648	0.171792	
0.789566	0.038491	0.171943	
0.789537	0.038346	0.172116	
0.789491	0.038213	0.172296	
0.789437	0.038091	0.172472	
0.789382	0.037988	0.172630	
0.789344	0.037907	0.172749	
0.789329	0.037852	0.172819	
0.789326	0.037826	0.172848	
0.789340	0.037824	0.172836	
