■動作1：
学習データ
0.760237 	0.043880 	0.195883 	
0.763287 	0.043397 	0.193316 	
0.766479 	0.042923 	0.190598 	
0.769749 	0.042468 	0.187783 	
0.773035 	0.042041 	0.184924 	
0.776286 	0.041646 	0.182068 	
0.779460 	0.041285 	0.179255 	
0.782528 	0.040958 	0.176514 	
0.785478 	0.040667 	0.173856 	
0.788305 	0.040405 	0.171290 	
0.791012 	0.040166 	0.168823 	
0.793596 	0.039940 	0.166464 	
0.796034 	0.039725 	0.164241 	
0.798297 	0.039517 	0.162186 	
0.800359 	0.039316 	0.160325 	
0.802183 	0.039123 	0.158694 	
0.803732 	0.038933 	0.157336 	
0.805046 	0.038739 	0.156215 	
0.806240 	0.038524 	0.155236 	
0.807370 	0.038280 	0.154350 	
0.808431 	0.038007 	0.153562 	
0.809418 	0.037707 	0.152875 	
0.810324 	0.037384 	0.152292 	
0.811140 	0.037040 	0.151820 	
0.811867 	0.036676 	0.151457 	
0.812511 	0.036298 	0.151191 	
0.813080 	0.035911 	0.151009 	
0.813586 	0.035517 	0.150898 	
0.814039 	0.035121 	0.150841 	
0.814445 	0.034729 	0.150827 	
0.814798 	0.034348 	0.150854 	
0.815091 	0.033986 	0.150922 	
0.815323 	0.033649 	0.151027 	
0.815491 	0.033343 	0.151167 	
0.815592 	0.033072 	0.151336 	
0.815641 	0.032840 	0.151519 	
0.815664 	0.032649 	0.151688 	
0.815684 	0.032498 	0.151818 	
0.815710 	0.032389 	0.151901 	
0.815741 	0.032319 	0.151940 	
0.815778 	0.032285 	0.151937 	
0.815823 	0.032283 	0.151894 	
0.815871 	0.032311 	0.151818 	
0.815912 	0.032368 	0.151721 	
0.815939 	0.032446 	0.151615 	
0.815952 	0.032540 	0.151508 	
0.815951 	0.032648 	0.151401 	
0.815939 	0.032767 	0.151294 	
0.815917 	0.032897 	0.151187 	
0.815884 	0.033037 	0.151079 	
0.815844 	0.033187 	0.150969 	
0.815797 	0.033347 	0.150856 	
0.815741 	0.033513 	0.150746 	
0.815668 	0.033684 	0.150649 	
0.815571 	0.033855 	0.150574 	
0.815447 	0.034025 	0.150529 	
0.815289 	0.034189 	0.150522 	
0.815090 	0.034345 	0.150566 	
0.814844 	0.034491 	0.150665 	
0.814544 	0.034628 	0.150828 	
0.814183 	0.034755 	0.151061 	
0.813762 	0.034876 	0.151362 	
0.813268 	0.034995 	0.151737 	
0.812683 	0.035119 	0.152198 	
0.811997 	0.035254 	0.152750 	
0.811210 	0.035400 	0.153390 	
0.810326 	0.035557 	0.154118 	
0.809345 	0.035724 	0.154931 	
0.808266 	0.035904 	0.155830 	
0.807084 	0.036094 	0.156822 	
0.805799 	0.036297 	0.157905 	
0.804421 	0.036508 	0.159070 	
0.802967 	0.036725 	0.160308 	
0.801451 	0.036943 	0.161605 	
0.799892 	0.037160 	0.162947 	
0.798314 	0.037374 	0.164312 	
0.796737 	0.037582 	0.165681 	
0.795173 	0.037783 	0.167044 	
0.793625 	0.037975 	0.168400 	
0.792101 	0.038160 	0.169739 	
0.790615 	0.038342 	0.171043 	
0.789183 	0.038523 	0.172294 	
0.787832 	0.038701 	0.173467 	
0.786593 	0.038871 	0.174535 	
0.785503 	0.039032 	0.175465 	
0.784598 	0.039179 	0.176223 	
0.783917 	0.039311 	0.176772 	
0.783430 	0.039433 	0.177138 	
0.783021 	0.039560 	0.177419 	
0.782618 	0.039699 	0.177682 	
0.782210 	0.039851 	0.177939 	
0.781802 	0.040011 	0.178187 	
0.781413 	0.040178 	0.178409 	
0.781062 	0.040349 	0.178588 	
0.780760 	0.040524 	0.178716 	
0.780504 	0.040699 	0.178796 	
0.780284 	0.040875 	0.178842 	
0.780080 	0.041050 	0.178870 	
0.779872 	0.041226 	0.178902 	
0.779646 	0.041401 	0.178954 	
0.277613  0.220190  0.250810  0.251387  
0.306248  0.192640  0.250011  0.251102  
0.335687  0.167447  0.247662  0.249203  
0.365704  0.144643  0.243866  0.245787  
0.396067  0.124198  0.238757  0.240977  
0.426543  0.106036  0.232498  0.234922  
0.456910  0.090041  0.225266  0.227784  
0.486955  0.076067  0.217245  0.219734  
0.516488  0.063952  0.208611  0.210949  
0.545345  0.053525  0.199530  0.201600  
0.573388  0.044609  0.190150  0.191853  
0.600504  0.037033  0.180603  0.181860  
0.626598  0.030632  0.171012  0.171758  
0.651581  0.025252  0.161500  0.161667  
0.675363  0.020752  0.152198  0.151687  
0.697871  0.017006  0.143217  0.141906  
0.719063  0.013900  0.134640  0.132397  
0.738926  0.011335  0.126518  0.123221  
0.757470  0.009224  0.118882  0.114425  
0.774723  0.007492  0.111743  0.106042  
0.790730  0.006076  0.105099  0.098096  
0.805544  0.004920  0.098937  0.090598  
0.819227  0.003979  0.093240  0.083553  
0.831844  0.003214  0.087984  0.076957  
0.843460  0.002594  0.083144  0.070801  
0.854140  0.002092  0.078695  0.065072  
0.863952  0.001686  0.074609  0.059753  
0.872962  0.001358  0.070854  0.054826  
0.881235  0.001093  0.067402  0.050270  
0.888834  0.000879  0.064223  0.046064  
0.895817  0.000707  0.061289  0.042187  
0.902241  0.000568  0.058573  0.038618  
0.908157  0.000457  0.056052  0.035335  
0.913611  0.000367  0.053703  0.032319  
0.918647  0.000295  0.051509  0.029549  
0.923303  0.000237  0.049451  0.027009  
0.927617  0.000190  0.047514  0.024679  
0.931621  0.000152  0.045682  0.022544  
0.935345  0.000122  0.043944  0.020589  
0.938815  0.000098  0.042289  0.018798  
0.942055  0.000079  0.040707  0.017159  
0.945087  0.000063  0.039191  0.015659  
0.947929  0.000051  0.037735  0.014286  
0.950598  0.000041  0.036331  0.013031  
0.953109  0.000032  0.034976  0.011883  
0.955476  0.000026  0.033665  0.010833  
0.957709  0.000021  0.032397  0.009874  
0.959818  0.000017  0.031168  0.008997  
0.961812  0.000013  0.029978  0.008197  
0.963698  0.000011  0.028826  0.007466  
0.965483  0.000009  0.027710  0.006798  
0.967173  0.000007  0.026631  0.006190  
0.968773  0.000005  0.025587  0.005634  
0.970289  0.000004  0.024578  0.005128  
0.971727  0.000003  0.023603  0.004666  
0.973091  0.000003  0.022661  0.004246  
0.974385  0.000002  0.021750  0.003862  
0.975613  0.000002  0.020872  0.003513  
0.976779  0.000001  0.020024  0.003195  
0.977885  0.000001  0.019208  0.002906  
0.978933  0.000001  0.018424  0.002643  
0.979925  0.000001  0.017671  0.002403  
0.980863  0.000001  0.016951  0.002186  
0.981750  0.000000  0.016262  0.001988  
0.982588  0.000000  0.015604  0.001808  
0.983379  0.000000  0.014976  0.001644  
0.984127  0.000000  0.014376  0.001496  
0.984837  0.000000  0.013802  0.001361  
0.985511  0.000000  0.013251  0.001239  
0.986152  0.000000  0.012720  0.001127  
0.986764  0.000000  0.012210  0.001026  
0.987349  0.000000  0.011716  0.000934  
0.987910  0.000000  0.011240  0.000851  
0.988448  0.000000  0.010777  0.000775  
0.988967  0.000000  0.010328  0.000705  
0.989467  0.000000  0.009890  0.000643  
0.989953  0.000000  0.009462  0.000585  
0.990425  0.000000  0.009042  0.000533  
0.990886  0.000000  0.008628  0.000485  
0.991337  0.000000  0.008221  0.000442  
0.991778  0.000000  0.007820  0.000403  
0.992210  0.000000  0.007423  0.000367  
0.992634  0.000000  0.007032  0.000334  
0.993051  0.000000  0.006645  0.000304  
0.993461  0.000000  0.006262  0.000276  
0.993868  0.000000  0.005881  0.000251  
0.994270  0.000000  0.005502  0.000228  
0.994668  0.000000  0.005125  0.000208  
0.995060  0.000000  0.004752  0.000189  
0.995444  0.000000  0.004385  0.000171  
0.995819  0.000000  0.004026  0.000155  
0.996183  0.000000  0.003676  0.000141  
0.996533  0.000000  0.003339  0.000128  
0.996868  0.000000  0.003016  0.000116  
0.997186  0.000000  0.002709  0.000105  
0.997486  0.000000  0.002419  0.000095  
0.997767  0.000000  0.002147  0.000086  
0.998027  0.000000  0.001895  0.000077  
0.998266  0.000000  0.001664  0.000070  
0.998484  0.000000  0.001453  0.000063  
■動作2：
学習データ
0.058128 	0.757477 	0.184396 	
0.058194 	0.757511 	0.184295 	
0.058244 	0.757649 	0.184107 	
0.058275 	0.757886 	0.183838 	
0.058291 	0.758205 	0.183504 	
0.058296 	0.758577 	0.183127 	
0.058297 	0.758977 	0.182726 	
0.058293 	0.759399 	0.182308 	
0.058286 	0.759839 	0.181875 	
0.058280 	0.760289 	0.181431 	
0.058276 	0.760750 	0.180973 	
0.058278 	0.761224 	0.180498 	
0.058285 	0.761711 	0.180004 	
0.058297 	0.762209 	0.179494 	
0.058315 	0.762715 	0.178969 	
0.058342 	0.763224 	0.178434 	
0.058381 	0.763726 	0.177893 	
0.058445 	0.764176 	0.177379 	
0.058553 	0.764489 	0.176958 	
0.058713 	0.764621 	0.176666 	
0.058924 	0.764566 	0.176510 	
0.059181 	0.764319 	0.176500 	
0.059482 	0.763880 	0.176638 	
0.059821 	0.763253 	0.176926 	
0.060192 	0.762446 	0.177361 	
0.060587 	0.761473 	0.177940 	
0.060996 	0.760351 	0.178653 	
0.061409 	0.759105 	0.179486 	
0.061814 	0.757764 	0.180422 	
0.062201 	0.756364 	0.181435 	
0.062563 	0.754936 	0.182502 	
0.062892 	0.753502 	0.183606 	
0.063184 	0.752083 	0.184732 	
0.063433 	0.750695 	0.185872 	
0.063630 	0.749355 	0.187015 	
0.063777 	0.748078 	0.188146 	
0.063882 	0.746875 	0.189242 	
0.063957 	0.745758 	0.190285 	
0.064002 	0.744738 	0.191260 	
0.064020 	0.743822 	0.192158 	
0.064015 	0.743007 	0.192978 	
0.063988 	0.742285 	0.193727 	
0.063942 	0.741650 	0.194409 	
0.063877 	0.741096 	0.195027 	
0.063793 	0.740621 	0.195585 	
0.063689 	0.740221 	0.196090 	
0.063564 	0.739894 	0.196542 	
0.063416 	0.739651 	0.196933 	
0.063243 	0.739502 	0.197255 	
0.063044 	0.739456 	0.197500 	
0.062819 	0.739520 	0.197661 	
0.062569 	0.739707 	0.197725 	
0.062291 	0.739994 	0.197715 	
0.061989 	0.740319 	0.197693 	
0.061662 	0.740650 	0.197688 	
0.061308 	0.740999 	0.197694 	
0.060926 	0.741376 	0.197698 	
0.060516 	0.741796 	0.197688 	
0.060074 	0.742277 	0.197649 	
0.059599 	0.742832 	0.197570 	
0.059089 	0.743466 	0.197445 	
0.058547 	0.744193 	0.197260 	
0.057977 	0.745025 	0.196998 	
0.057382 	0.745961 	0.196657 	
0.056767 	0.746992 	0.196241 	
0.056136 	0.748115 	0.195749 	
0.055494 	0.749326 	0.195179 	
0.054845 	0.750625 	0.194530 	
0.054193 	0.752012 	0.193796 	
0.053544 	0.753491 	0.192965 	
0.052901 	0.755062 	0.192037 	
0.052256 	0.756721 	0.191023 	
0.051612 	0.758456 	0.189932 	
0.050977 	0.760250 	0.188773 	
0.050357 	0.762079 	0.187563 	
0.049757 	0.763928 	0.186316 	
0.049175 	0.765785 	0.185040 	
0.048614 	0.767641 	0.183745 	
0.048074 	0.769488 	0.182437 	
0.047552 	0.771320 	0.181129 	
0.047045 	0.773126 	0.179829 	
0.046555 	0.774899 	0.178547 	
0.046082 	0.776619 	0.177299 	
0.045630 	0.778264 	0.176106 	
0.045202 	0.779803 	0.174995 	
0.044800 	0.781210 	0.173990 	
0.044428 	0.782456 	0.173116 	
0.044086 	0.783548 	0.172366 	
0.043770 	0.784535 	0.171694 	
0.043482 	0.785458 	0.171061 	
0.043224 	0.786334 	0.170442 	
0.042998 	0.787188 	0.169815 	
0.042804 	0.788042 	0.169154 	
0.042646 	0.788912 	0.168443 	
0.042523 	0.789799 	0.167678 	
0.042434 	0.790705 	0.166860 	
0.042379 	0.791628 	0.165993 	
0.042356 	0.792562 	0.165081 	
0.042363 	0.793497 	0.164140 	
0.042391 	0.794418 	0.163191 	
0.202327  0.321442  0.194113  0.282118  
0.156631  0.394947  0.144025  0.304398  
0.116473  0.465644  0.102541  0.315342  
0.083722  0.530140  0.070499  0.315639  
0.058578  0.586904  0.047133  0.307385  
0.040151  0.635887  0.030841  0.293121  
0.027105  0.677872  0.019857  0.275166  
0.018095  0.713938  0.012633  0.255335  
0.011982  0.745140  0.007965  0.234913  
0.007888  0.772375  0.004988  0.214749  
0.005170  0.796352  0.003108  0.195370  
0.003377  0.817610  0.001929  0.177084  
0.002201  0.836556  0.001193  0.160049  
0.001433  0.853501  0.000736  0.144330  
0.000931  0.868683  0.000453  0.129933  
0.000605  0.882295  0.000278  0.116822  
0.000393  0.894499  0.000171  0.104937  
0.000255  0.905439  0.000105  0.094201  
0.000166  0.915240  0.000064  0.084530  
0.000108  0.924018  0.000039  0.075835  
0.000070  0.931874  0.000024  0.068032  
0.000046  0.938902  0.000015  0.061038  
0.000030  0.945187  0.000009  0.054774  
0.000020  0.950807  0.000005  0.049168  
0.000013  0.955831  0.000003  0.044153  
0.000008  0.960322  0.000002  0.039668  
0.000006  0.964337  0.000001  0.035657  
0.000004  0.967927  0.000001  0.032068  
0.000002  0.971140  0.000000  0.028858  
0.000002  0.974015  0.000000  0.025983  
0.000001  0.976592  0.000000  0.023407  
0.000001  0.978901  0.000000  0.021098  
0.000000  0.980973  0.000000  0.019026  
0.000000  0.982834  0.000000  0.017166  
0.000000  0.984505  0.000000  0.015495  
0.000000  0.986008  0.000000  0.013992  
0.000000  0.987360  0.000000  0.012640  
0.000000  0.988578  0.000000  0.011422  
0.000000  0.989675  0.000000  0.010325  
0.000000  0.990664  0.000000  0.009335  
0.000000  0.991557  0.000000  0.008443  
0.000000  0.992363  0.000000  0.007637  
0.000000  0.993091  0.000000  0.006909  
0.000000  0.993749  0.000000  0.006251  
0.000000  0.994344  0.000000  0.005656  
0.000000  0.994881  0.000000  0.005119  
0.000000  0.995367  0.000000  0.004633  
0.000000  0.995807  0.000000  0.004193  
0.000000  0.996204  0.000000  0.003796  
0.000000  0.996564  0.000000  0.003436  
0.000000  0.996889  0.000000  0.003111  
0.000000  0.997184  0.000000  0.002816  
0.000000  0.997451  0.000000  0.002549  
0.000000  0.997694  0.000000  0.002306  
0.000000  0.997914  0.000000  0.002086  
0.000000  0.998113  0.000000  0.001887  
0.000000  0.998294  0.000000  0.001706  
0.000000  0.998458  0.000000  0.001542  
0.000000  0.998607  0.000000  0.001393  
0.000000  0.998742  0.000000  0.001258  
0.000000  0.998865  0.000000  0.001135  
0.000000  0.998976  0.000000  0.001024  
0.000000  0.999077  0.000000  0.000923  
0.000000  0.999168  0.000000  0.000832  
0.000000  0.999251  0.000000  0.000749  
0.000000  0.999326  0.000000  0.000674  
0.000000  0.999395  0.000000  0.000605  
0.000000  0.999456  0.000000  0.000544  
0.000000  0.999512  0.000000  0.000488  
0.000000  0.999562  0.000000  0.000438  
0.000000  0.999608  0.000000  0.000392  
0.000000  0.999649  0.000000  0.000351  
0.000000  0.999686  0.000000  0.000314  
0.000000  0.999719  0.000000  0.000281  
0.000000  0.999749  0.000000  0.000251  
0.000000  0.999776  0.000000  0.000224  
0.000000  0.999800  0.000000  0.000200  
0.000000  0.999822  0.000000  0.000178  
0.000000  0.999841  0.000000  0.000159  
0.000000  0.999858  0.000000  0.000142  
0.000000  0.999874  0.000000  0.000126  
0.000000  0.999887  0.000000  0.000113  
0.000000  0.999899  0.000000  0.000101  
0.000000  0.999910  0.000000  0.000090  
0.000000  0.999920  0.000000  0.000080  
0.000000  0.999928  0.000000  0.000072  
0.000000  0.999936  0.000000  0.000064  
0.000000  0.999943  0.000000  0.000057  
0.000000  0.999949  0.000000  0.000051  
0.000000  0.999954  0.000000  0.000046  
0.000000  0.999959  0.000000  0.000041  
0.000000  0.999964  0.000000  0.000036  
0.000000  0.999967  0.000000  0.000033  
0.000000  0.999971  0.000000  0.000029  
0.000000  0.999974  0.000000  0.000026  
0.000000  0.999977  0.000000  0.000023  
0.000000  0.999979  0.000000  0.000021  
0.000000  0.999981  0.000000  0.000019  
0.000000  0.999983  0.000000  0.000017  
0.000000  0.999985  0.000000  0.000015  
■動作3：
学習データ
0.850352 	0.046613 	0.103034 	
0.851392 	0.046439 	0.102170 	
0.852469 	0.046251 	0.101280 	
0.853590 	0.046049 	0.100362 	
0.854764 	0.045829 	0.099407 	
0.856003 	0.045591 	0.098406 	
0.857308 	0.045337 	0.097355 	
0.858682 	0.045067 	0.096251 	
0.860132 	0.044783 	0.095084 	
0.861653 	0.044492 	0.093855 	
0.863228 	0.044197 	0.092575 	
0.864844 	0.043903 	0.091254 	
0.866484 	0.043610 	0.089906 	
0.868129 	0.043323 	0.088547 	
0.869770 	0.043044 	0.087186 	
0.871384 	0.042779 	0.085837 	
0.872949 	0.042535 	0.084517 	
0.874455 	0.042314 	0.083231 	
0.875916 	0.042113 	0.081971 	
0.877333 	0.041928 	0.080739 	
0.878690 	0.041755 	0.079554 	
0.879969 	0.041597 	0.078434 	
0.881152 	0.041459 	0.077389 	
0.882228 	0.041341 	0.076432 	
0.883185 	0.041244 	0.075571 	
0.884023 	0.041171 	0.074805 	
0.884740 	0.041124 	0.074136 	
0.885337 	0.041103 	0.073560 	
0.885834 	0.041102 	0.073064 	
0.886258 	0.041114 	0.072628 	
0.886640 	0.041130 	0.072230 	
0.886999 	0.041141 	0.071860 	
0.887339 	0.041142 	0.071518 	
0.887661 	0.041132 	0.071207 	
0.887969 	0.041107 	0.070924 	
0.888267 	0.041068 	0.070666 	
0.888552 	0.041017 	0.070431 	
0.888825 	0.040958 	0.070217 	
0.889087 	0.040890 	0.070023 	
0.889336 	0.040815 	0.069849 	
0.889566 	0.040734 	0.069699 	
0.889772 	0.040652 	0.069577 	
0.889946 	0.040569 	0.069485 	
0.890087 	0.040486 	0.069427 	
0.890191 	0.040403 	0.069407 	
0.890258 	0.040319 	0.069423 	
0.890289 	0.040237 	0.069475 	
0.890272 	0.040156 	0.069572 	
0.890204 	0.040076 	0.069720 	
0.890085 	0.039997 	0.069918 	
0.889908 	0.039918 	0.070173 	
0.889658 	0.039841 	0.070501 	
0.889347 	0.039761 	0.070893 	
0.889020 	0.039668 	0.071312 	
0.888709 	0.039559 	0.071731 	
0.888418 	0.039441 	0.072140 	
0.888141 	0.039319 	0.072540 	
0.887866 	0.039199 	0.072935 	
0.887584 	0.039083 	0.073333 	
0.887283 	0.038972 	0.073745 	
0.886945 	0.038873 	0.074182 	
0.886550 	0.038798 	0.074652 	
0.886077 	0.038758 	0.075165 	
0.885507 	0.038763 	0.075730 	
0.884833 	0.038820 	0.076347 	
0.884045 	0.038937 	0.077019 	
0.883133 	0.039116 	0.077751 	
0.882092 	0.039367 	0.078541 	
0.880915 	0.039699 	0.079386 	
0.879588 	0.040119 	0.080292 	
0.878119 	0.040625 	0.081256 	
0.876536 	0.041195 	0.082269 	
0.874866 	0.041805 	0.083329 	
0.873131 	0.042437 	0.084431 	
0.871360 	0.043070 	0.085570 	
0.869577 	0.043688 	0.086735 	
0.867801 	0.044284 	0.087915 	
0.866047 	0.044854 	0.089100 	
0.864318 	0.045396 	0.090285 	
0.862614 	0.045919 	0.091468 	
0.860936 	0.046423 	0.092641 	
0.859292 	0.046908 	0.093800 	
0.857697 	0.047367 	0.094936 	
0.856172 	0.047798 	0.096030 	
0.854747 	0.048195 	0.097058 	
0.853451 	0.048550 	0.097999 	
0.852316 	0.048852 	0.098831 	
0.851336 	0.049108 	0.099556 	
0.850464 	0.049337 	0.100200 	
0.849674 	0.049549 	0.100777 	
0.848968 	0.049747 	0.101285 	
0.848353 	0.049928 	0.101719 	
0.847830 	0.050095 	0.102075 	
0.847398 	0.050250 	0.102353 	
0.847048 	0.050396 	0.102556 	
0.846772 	0.050536 	0.102692 	
0.846568 	0.050674 	0.102758 	
0.846426 	0.050811 	0.102763 	
0.846329 	0.050946 	0.102724 	
0.846270 	0.051071 	0.102659 	
0.262502  0.216890  0.276465  0.244143  
0.273473  0.186672  0.303316  0.236540  
0.282787  0.159455  0.330302  0.227456  
0.290373  0.135242  0.357205  0.217180  
0.296206  0.113947  0.383847  0.206000  
0.300300  0.095413  0.410094  0.194192  
0.302704  0.079436  0.435849  0.182012  
0.303487  0.065781  0.461048  0.169684  
0.302736  0.054203  0.485661  0.157400  
0.300548  0.044454  0.509679  0.145320  
0.297024  0.036298  0.533108  0.133571  
0.292271  0.029514  0.555961  0.122254  
0.286395  0.023903  0.578259  0.111443  
0.279495  0.019283  0.600033  0.101189  
0.271655  0.015496  0.621329  0.091520  
0.262954  0.012406  0.642190  0.082450  
0.253479  0.009893  0.662642  0.073987  
0.243326  0.007858  0.682688  0.066128  
0.232599  0.006218  0.702316  0.058868  
0.221408  0.004900  0.721496  0.052195  
0.209867  0.003847  0.740194  0.046093  
0.198086  0.003008  0.758366  0.040540  
0.186177  0.002342  0.775969  0.035512  
0.174242  0.001817  0.792958  0.030982  
0.162385  0.001404  0.809291  0.026921  
0.150699  0.001080  0.824923  0.023298  
0.139275  0.000828  0.839815  0.020082  
0.128197  0.000632  0.853929  0.017242  
0.117536  0.000481  0.867235  0.014748  
0.107355  0.000365  0.879712  0.012569  
0.097703  0.000275  0.891347  0.010675  
0.088617  0.000207  0.902139  0.009037  
0.080123  0.000156  0.912094  0.007627  
0.072231  0.000117  0.921232  0.006420  
0.064941  0.000087  0.929582  0.005391  
0.058242  0.000065  0.937177  0.004516  
0.052117  0.000048  0.944059  0.003775  
0.046542  0.000036  0.950272  0.003151  
0.041487  0.000027  0.955862  0.002625  
0.036920  0.000020  0.960877  0.002184  
0.032807  0.000015  0.965364  0.001814  
0.029112  0.000011  0.969372  0.001506  
0.025799  0.000008  0.972944  0.001248  
0.022836  0.000006  0.976125  0.001034  
0.020188  0.000004  0.978952  0.000855  
0.017827  0.000003  0.981463  0.000707  
0.015723  0.000002  0.983691  0.000584  
0.013852  0.000002  0.985665  0.000481  
0.012190  0.000001  0.987412  0.000397  
0.010718  0.000001  0.988955  0.000327  
0.009417  0.000001  0.990314  0.000269  
0.008269  0.000000  0.991510  0.000221  
0.007258  0.000000  0.992560  0.000182  
0.006368  0.000000  0.993482  0.000150  
0.005587  0.000000  0.994290  0.000123  
0.004901  0.000000  0.994998  0.000101  
0.004299  0.000000  0.995617  0.000083  
0.003772  0.000000  0.996160  0.000068  
0.003310  0.000000  0.996634  0.000056  
0.002905  0.000000  0.997049  0.000046  
0.002551  0.000000  0.997411  0.000038  
0.002241  0.000000  0.997728  0.000031  
0.001969  0.000000  0.998005  0.000026  
0.001731  0.000000  0.998248  0.000021  
0.001523  0.000000  0.998460  0.000018  
0.001340  0.000000  0.998645  0.000014  
0.001180  0.000000  0.998808  0.000012  
0.001040  0.000000  0.998950  0.000010  
0.000918  0.000000  0.999074  0.000008  
0.000810  0.000000  0.999183  0.000007  
0.000716  0.000000  0.999279  0.000006  
0.000633  0.000000  0.999363  0.000005  
0.000560  0.000000  0.999436  0.000004  
0.000497  0.000000  0.999500  0.000003  
0.000441  0.000000  0.999556  0.000003  
0.000392  0.000000  0.999606  0.000002  
0.000349  0.000000  0.999649  0.000002  
0.000312  0.000000  0.999686  0.000002  
0.000279  0.000000  0.999719  0.000001  
0.000251  0.000000  0.999748  0.000001  
0.000226  0.000000  0.999773  0.000001  
0.000204  0.000000  0.999795  0.000001  
0.000185  0.000000  0.999815  0.000001  
0.000168  0.000000  0.999832  0.000001  
0.000153  0.000000  0.999847  0.000000  
0.000139  0.000000  0.999860  0.000000  
0.000128  0.000000  0.999872  0.000000  
0.000118  0.000000  0.999882  0.000000  
0.000108  0.000000  0.999891  0.000000  
0.000100  0.000000  0.999899  0.000000  
0.000093  0.000000  0.999907  0.000000  
0.000087  0.000000  0.999913  0.000000  
0.000081  0.000000  0.999919  0.000000  
0.000076  0.000000  0.999924  0.000000  
0.000071  0.000000  0.999929  0.000000  
0.000067  0.000000  0.999933  0.000000  
0.000063  0.000000  0.999937  0.000000  
0.000059  0.000000  0.999941  0.000000  
0.000056  0.000000  0.999944  0.000000  
0.000053  0.000000  0.999947  0.000000  
■動作4：
学習データ
0.127735 	0.362442 	0.509823 	
0.127180 	0.362799 	0.510021 	
0.126619 	0.363126 	0.510255 	
0.126060 	0.363395 	0.510545 	
0.125509 	0.363590 	0.510902 	
0.124966 	0.363707 	0.511327 	
0.124434 	0.363736 	0.511830 	
0.123911 	0.363659 	0.512430 	
0.123404 	0.363460 	0.513136 	
0.122922 	0.363128 	0.513950 	
0.122477 	0.362654 	0.514868 	
0.122084 	0.362024 	0.515892 	
0.121748 	0.361220 	0.517032 	
0.121478 	0.360222 	0.518299 	
0.121291 	0.359015 	0.519694 	
0.121205 	0.357583 	0.521212 	
0.121240 	0.355907 	0.522853 	
0.121386 	0.354006 	0.524608 	
0.121599 	0.351962 	0.526439 	
0.121847 	0.349843 	0.528310 	
0.122112 	0.347697 	0.530191 	
0.122375 	0.345565 	0.532059 	
0.122622 	0.343477 	0.533901 	
0.122844 	0.341456 	0.535700 	
0.123041 	0.339528 	0.537431 	
0.123218 	0.337711 	0.539071 	
0.123384 	0.336013 	0.540603 	
0.123544 	0.334440 	0.542016 	
0.123698 	0.333005 	0.543298 	
0.123848 	0.331728 	0.544424 	
0.124001 	0.330643 	0.545357 	
0.124153 	0.329783 	0.546064 	
0.124303 	0.329185 	0.546512 	
0.124455 	0.328884 	0.546662 	
0.124612 	0.328926 	0.546462 	
0.124794 	0.329308 	0.545898 	
0.125040 	0.329949 	0.545011 	
0.125369 	0.330777 	0.543854 	
0.125782 	0.331735 	0.542483 	
0.126278 	0.332761 	0.540961 	
0.126845 	0.333805 	0.539350 	
0.127464 	0.334835 	0.537701 	
0.128113 	0.335842 	0.536045 	
0.128773 	0.336834 	0.534393 	
0.129433 	0.337810 	0.532757 	
0.130090 	0.338761 	0.531149 	
0.130742 	0.339684 	0.529575 	
0.131384 	0.340576 	0.528039 	
0.132016 	0.341436 	0.526548 	
0.132634 	0.342257 	0.525109 	
0.133232 	0.343031 	0.523736 	
0.133803 	0.343743 	0.522454 	
0.134341 	0.344386 	0.521273 	
0.134846 	0.344961 	0.520193 	
0.135314 	0.345474 	0.519212 	
0.135739 	0.345925 	0.518336 	
0.136116 	0.346310 	0.517574 	
0.136455 	0.346625 	0.516921 	
0.136774 	0.346872 	0.516354 	
0.137090 	0.347053 	0.515857 	
0.137412 	0.347174 	0.515415 	
0.137735 	0.347251 	0.515014 	
0.138053 	0.347305 	0.514642 	
0.138357 	0.347360 	0.514283 	
0.138637 	0.347436 	0.513927 	
0.138882 	0.347547 	0.513572 	
0.139083 	0.347699 	0.513218 	
0.139237 	0.347893 	0.512869 	
0.139334 	0.348136 	0.512530 	
0.139361 	0.348436 	0.512203 	
0.139320 	0.348794 	0.511886 	
0.139227 	0.349206 	0.511567 	
0.139091 	0.349687 	0.511221 	
0.138916 	0.350249 	0.510836 	
0.138707 	0.350879 	0.510415 	
0.138473 	0.351557 	0.509970 	
0.138221 	0.352274 	0.509506 	
0.137958 	0.353016 	0.509026 	
0.137692 	0.353765 	0.508543 	
0.137425 	0.354498 	0.508077 	
0.137160 	0.355191 	0.507649 	
0.136905 	0.355830 	0.507266 	
0.136661 	0.356396 	0.506943 	
0.136428 	0.356870 	0.506702 	
0.136206 	0.357227 	0.506566 	
0.135998 	0.357440 	0.506562 	
0.135809 	0.357481 	0.506710 	
0.135650 	0.357344 	0.507006 	
0.135535 	0.357047 	0.507418 	
0.135477 	0.356607 	0.507915 	
0.135478 	0.356031 	0.508491 	
0.135540 	0.355323 	0.509137 	
0.135660 	0.354493 	0.509847 	
0.135833 	0.353553 	0.510614 	
0.136048 	0.352514 	0.511438 	
0.136287 	0.351390 	0.512323 	
0.136522 	0.350203 	0.513275 	
0.136723 	0.348977 	0.514301 	
0.136855 	0.347738 	0.515407 	
0.136889 	0.346511 	0.516600 	
0.269453  0.267472  0.164683  0.298391  
0.278740  0.274982  0.104265  0.342013  
0.280022  0.274871  0.064193  0.380914  
0.275666  0.269574  0.038780  0.415980  
0.267613  0.261018  0.023131  0.448238  
0.257249  0.250536  0.013678  0.478537  
0.245505  0.238988  0.008038  0.507469  
0.232990  0.226911  0.004702  0.535397  
0.220105  0.214639  0.002741  0.562515  
0.207125  0.202380  0.001592  0.588902  
0.194241  0.190272  0.000923  0.614565  
0.181593  0.178407  0.000533  0.639467  
0.169287  0.166853  0.000307  0.663552  
0.157405  0.155659  0.000177  0.686760  
0.146008  0.144860  0.000101  0.709030  
0.135142  0.134486  0.000058  0.730313  
0.124836  0.124561  0.000033  0.750570  
0.115108  0.115102  0.000019  0.769772  
0.105962  0.106124  0.000011  0.787903  
0.097396  0.097637  0.000006  0.804961  
0.089402  0.089643  0.000003  0.820952  
0.081963  0.082142  0.000002  0.835894  
0.075059  0.075128  0.000001  0.849812  
0.068668  0.068592  0.000001  0.862739  
0.062764  0.062523  0.000000  0.874713  
0.057319  0.056903  0.000000  0.885778  
0.052306  0.051716  0.000000  0.895978  
0.047697  0.046940  0.000000  0.905363  
0.043463  0.042556  0.000000  0.913981  
0.039580  0.038540  0.000000  0.921880  
0.036021  0.034869  0.000000  0.929110  
0.032762  0.031520  0.000000  0.935718  
0.029780  0.028469  0.000000  0.941750  
0.027055  0.025695  0.000000  0.947250  
0.024565  0.023176  0.000000  0.952259  
0.022293  0.020891  0.000000  0.956816  
0.020221  0.018821  0.000000  0.960959  
0.018332  0.016947  0.000000  0.964721  
0.016612  0.015254  0.000000  0.968135  
0.015047  0.013723  0.000000  0.971230  
0.013625  0.012340  0.000000  0.974035  
0.012333  0.011092  0.000000  0.976575  
0.011161  0.009966  0.000000  0.978873  
0.010098  0.008950  0.000000  0.980952  
0.009135  0.008034  0.000000  0.982831  
0.008263  0.007208  0.000000  0.984529  
0.007473  0.006463  0.000000  0.986064  
0.006758  0.005792  0.000000  0.987449  
0.006112  0.005188  0.000000  0.988700  
0.005527  0.004644  0.000000  0.989829  
0.004998  0.004154  0.000000  0.990848  
0.004520  0.003714  0.000000  0.991766  
0.004088  0.003318  0.000000  0.992594  
0.003698  0.002962  0.000000  0.993340  
0.003345  0.002643  0.000000  0.994012  
0.003026  0.002356  0.000000  0.994618  
0.002738  0.002099  0.000000  0.995163  
0.002478  0.001869  0.000000  0.995653  
0.002243  0.001663  0.000000  0.996095  
0.002030  0.001478  0.000000  0.996492  
0.001838  0.001313  0.000000  0.996849  
0.001665  0.001166  0.000000  0.997169  
0.001508  0.001035  0.000000  0.997458  
0.001366  0.000918  0.000000  0.997716  
0.001238  0.000813  0.000000  0.997949  
0.001122  0.000721  0.000000  0.998157  
0.001017  0.000639  0.000000  0.998345  
0.000921  0.000566  0.000000  0.998513  
0.000834  0.000502  0.000000  0.998664  
0.000755  0.000445  0.000000  0.998800  
0.000683  0.000395  0.000000  0.998922  
0.000618  0.000351  0.000000  0.999031  
0.000558  0.000312  0.000000  0.999130  
0.000504  0.000277  0.000000  0.999219  
0.000455  0.000247  0.000000  0.999298  
0.000410  0.000220  0.000000  0.999370  
0.000369  0.000196  0.000000  0.999435  
0.000332  0.000175  0.000000  0.999493  
0.000299  0.000156  0.000000  0.999545  
0.000268  0.000140  0.000000  0.999592  
0.000241  0.000125  0.000000  0.999634  
0.000216  0.000112  0.000000  0.999672  
0.000193  0.000101  0.000000  0.999706  
0.000173  0.000090  0.000000  0.999737  
0.000155  0.000081  0.000000  0.999764  
0.000138  0.000073  0.000000  0.999789  
0.000123  0.000066  0.000000  0.999811  
0.000110  0.000059  0.000000  0.999831  
0.000098  0.000053  0.000000  0.999848  
0.000088  0.000048  0.000000  0.999864  
0.000078  0.000043  0.000000  0.999878  
0.000070  0.000039  0.000000  0.999891  
0.000062  0.000035  0.000000  0.999902  
0.000056  0.000032  0.000000  0.999912  
0.000050  0.000029  0.000000  0.999922  
0.000044  0.000026  0.000000  0.999930  
0.000040  0.000023  0.000000  0.999937  
0.000035  0.000021  0.000000  0.999943  
0.000032  0.000019  0.000000  0.999949  
0.000028  0.000017  0.000000  0.999954  
動作1：0.998484  0.000000  0.001453  0.000063  
動作2：0.000000  0.999985  0.000000  0.000015  
動作3：0.000053  0.000000  0.999947  0.000000  
動作4：0.000028  0.000017  0.000000  0.999954  
