■動作1：
学習データ
0.760237 	0.043880 	0.195883 	
0.763287 	0.043397 	0.193316 	
0.766479 	0.042923 	0.190598 	
0.769749 	0.042468 	0.187783 	
0.773035 	0.042041 	0.184924 	
0.776286 	0.041646 	0.182068 	
0.779460 	0.041285 	0.179255 	
0.782528 	0.040958 	0.176514 	
0.785478 	0.040667 	0.173856 	
0.788305 	0.040405 	0.171290 	
0.791012 	0.040166 	0.168823 	
0.793596 	0.039940 	0.166464 	
0.796034 	0.039725 	0.164241 	
0.798297 	0.039517 	0.162186 	
0.800359 	0.039316 	0.160325 	
0.802183 	0.039123 	0.158694 	
0.803732 	0.038933 	0.157336 	
0.805046 	0.038739 	0.156215 	
0.806240 	0.038524 	0.155236 	
0.807370 	0.038280 	0.154350 	
0.808431 	0.038007 	0.153562 	
0.809418 	0.037707 	0.152875 	
0.810324 	0.037384 	0.152292 	
0.811140 	0.037040 	0.151820 	
0.811867 	0.036676 	0.151457 	
0.812511 	0.036298 	0.151191 	
0.813080 	0.035911 	0.151009 	
0.813586 	0.035517 	0.150898 	
0.814039 	0.035121 	0.150841 	
0.814445 	0.034729 	0.150827 	
0.814798 	0.034348 	0.150854 	
0.815091 	0.033986 	0.150922 	
0.815323 	0.033649 	0.151027 	
0.815491 	0.033343 	0.151167 	
0.815592 	0.033072 	0.151336 	
0.815641 	0.032840 	0.151519 	
0.815664 	0.032649 	0.151688 	
0.815684 	0.032498 	0.151818 	
0.815710 	0.032389 	0.151901 	
0.815741 	0.032319 	0.151940 	
0.815778 	0.032285 	0.151937 	
0.815823 	0.032283 	0.151894 	
0.815871 	0.032311 	0.151818 	
0.815912 	0.032368 	0.151721 	
0.815939 	0.032446 	0.151615 	
0.815952 	0.032540 	0.151508 	
0.815951 	0.032648 	0.151401 	
0.815939 	0.032767 	0.151294 	
0.815917 	0.032897 	0.151187 	
0.815884 	0.033037 	0.151079 	
0.815844 	0.033187 	0.150969 	
0.815797 	0.033347 	0.150856 	
0.815741 	0.033513 	0.150746 	
0.815668 	0.033684 	0.150649 	
0.815571 	0.033855 	0.150574 	
0.815447 	0.034025 	0.150529 	
0.815289 	0.034189 	0.150522 	
0.815090 	0.034345 	0.150566 	
0.814844 	0.034491 	0.150665 	
0.814544 	0.034628 	0.150828 	
0.814183 	0.034755 	0.151061 	
0.813762 	0.034876 	0.151362 	
0.813268 	0.034995 	0.151737 	
0.812683 	0.035119 	0.152198 	
0.811997 	0.035254 	0.152750 	
0.811210 	0.035400 	0.153390 	
0.810326 	0.035557 	0.154118 	
0.809345 	0.035724 	0.154931 	
0.808266 	0.035904 	0.155830 	
0.807084 	0.036094 	0.156822 	
0.805799 	0.036297 	0.157905 	
0.804421 	0.036508 	0.159070 	
0.802967 	0.036725 	0.160308 	
0.801451 	0.036943 	0.161605 	
0.799892 	0.037160 	0.162947 	
0.798314 	0.037374 	0.164312 	
0.796737 	0.037582 	0.165681 	
0.795173 	0.037783 	0.167044 	
0.793625 	0.037975 	0.168400 	
0.792101 	0.038160 	0.169739 	
0.790615 	0.038342 	0.171043 	
0.789183 	0.038523 	0.172294 	
0.787832 	0.038701 	0.173467 	
0.786593 	0.038871 	0.174535 	
0.785503 	0.039032 	0.175465 	
0.784598 	0.039179 	0.176223 	
0.783917 	0.039311 	0.176772 	
0.783430 	0.039433 	0.177138 	
0.783021 	0.039560 	0.177419 	
0.782618 	0.039699 	0.177682 	
0.782210 	0.039851 	0.177939 	
0.781802 	0.040011 	0.178187 	
0.781413 	0.040178 	0.178409 	
0.781062 	0.040349 	0.178588 	
0.780760 	0.040524 	0.178716 	
0.780504 	0.040699 	0.178796 	
0.780284 	0.040875 	0.178842 	
0.780080 	0.041050 	0.178870 	
0.779872 	0.041226 	0.178902 	
0.779646 	0.041401 	0.178954 	
0.276811  0.222949  0.249028  0.251212  
0.304726  0.197659  0.246660  0.250956  
0.333553  0.174227  0.242958  0.249262  
0.363087  0.152708  0.238011  0.246194  
0.393106  0.133114  0.231940  0.241839  
0.423385  0.115420  0.224887  0.236308  
0.453697  0.099566  0.217007  0.229730  
0.483823  0.085471  0.208461  0.222245  
0.513561  0.073029  0.199408  0.214003  
0.542726  0.062122  0.189995  0.205157  
0.571162  0.052624  0.180357  0.195856  
0.598733  0.044404  0.170619  0.186244  
0.625324  0.037331  0.160892  0.176453  
0.650832  0.031277  0.151290  0.166601  
0.675160  0.026121  0.141928  0.156791  
0.698229  0.021751  0.132903  0.147117  
0.719995  0.018064  0.124286  0.137655  
0.740438  0.014965  0.116123  0.128474  
0.759564  0.012370  0.108439  0.119626  
0.777397  0.010205  0.101245  0.111152  
0.793977  0.008404  0.094538  0.103082  
0.809354  0.006909  0.088304  0.095433  
0.823586  0.005673  0.082527  0.088215  
0.836735  0.004652  0.077183  0.081429  
0.848867  0.003810  0.072250  0.075073  
0.860045  0.003118  0.067701  0.069136  
0.870336  0.002549  0.063510  0.063605  
0.879805  0.002083  0.059647  0.058466  
0.888516  0.001700  0.056085  0.053699  
0.896531  0.001387  0.052796  0.049287  
0.903907  0.001131  0.049754  0.045208  
0.910699  0.000922  0.046936  0.041444  
0.916957  0.000751  0.044319  0.037973  
0.922728  0.000612  0.041883  0.034777  
0.928053  0.000498  0.039611  0.031837  
0.932972  0.000405  0.037488  0.029135  
0.937520  0.000330  0.035498  0.026652  
0.941730  0.000268  0.033629  0.024373  
0.945632  0.000218  0.031868  0.022282  
0.949251  0.000177  0.030207  0.020364  
0.952612  0.000144  0.028638  0.018606  
0.955736  0.000117  0.027151  0.016995  
0.958643  0.000095  0.025742  0.015520  
0.961351  0.000077  0.024403  0.014169  
0.963874  0.000063  0.023131  0.012932  
0.966228  0.000051  0.021921  0.011800  
0.968425  0.000041  0.020770  0.010764  
0.970475  0.000033  0.019674  0.009817  
0.972390  0.000027  0.018631  0.008951  
0.974179  0.000022  0.017639  0.008160  
0.975849  0.000018  0.016695  0.007437  
0.977410  0.000014  0.015799  0.006777  
0.978867  0.000012  0.014946  0.006175  
0.980229  0.000009  0.014137  0.005625  
0.981501  0.000008  0.013368  0.005123  
0.982690  0.000006  0.012638  0.004665  
0.983802  0.000005  0.011946  0.004248  
0.984840  0.000004  0.011288  0.003867  
0.985811  0.000003  0.010665  0.003520  
0.986717  0.000003  0.010075  0.003205  
0.987564  0.000002  0.009517  0.002917  
0.988354  0.000002  0.008990  0.002655  
0.989090  0.000001  0.008492  0.002416  
0.989777  0.000001  0.008023  0.002200  
0.990417  0.000001  0.007580  0.002002  
0.991013  0.000001  0.007164  0.001823  
0.991569  0.000001  0.006771  0.001660  
0.992088  0.000000  0.006400  0.001511  
0.992574  0.000000  0.006050  0.001376  
0.993028  0.000000  0.005718  0.001253  
0.993454  0.000000  0.005404  0.001142  
0.993854  0.000000  0.005106  0.001040  
0.994229  0.000000  0.004823  0.000948  
0.994582  0.000000  0.004554  0.000863  
0.994915  0.000000  0.004298  0.000787  
0.995229  0.000000  0.004054  0.000717  
0.995526  0.000000  0.003821  0.000653  
0.995807  0.000000  0.003598  0.000596  
0.996073  0.000000  0.003384  0.000543  
0.996327  0.000000  0.003179  0.000495  
0.996568  0.000000  0.002981  0.000451  
0.996797  0.000000  0.002792  0.000411  
0.997016  0.000000  0.002610  0.000374  
0.997224  0.000000  0.002436  0.000341  
0.997422  0.000000  0.002267  0.000310  
0.997613  0.000000  0.002105  0.000282  
0.997795  0.000000  0.001948  0.000257  
0.997970  0.000000  0.001796  0.000234  
0.998137  0.000000  0.001650  0.000213  
0.998297  0.000000  0.001510  0.000193  
0.998448  0.000000  0.001376  0.000176  
0.998592  0.000000  0.001249  0.000160  
0.998727  0.000000  0.001128  0.000145  
0.998854  0.000000  0.001015  0.000131  
0.998973  0.000000  0.000908  0.000119  
0.999083  0.000000  0.000809  0.000108  
0.999184  0.000000  0.000718  0.000098  
0.999278  0.000000  0.000633  0.000089  
0.999363  0.000000  0.000557  0.000080  
0.999440  0.000000  0.000487  0.000073  
■動作2：
学習データ
0.058128 	0.757477 	0.184396 	
0.058194 	0.757511 	0.184295 	
0.058244 	0.757649 	0.184107 	
0.058275 	0.757886 	0.183838 	
0.058291 	0.758205 	0.183504 	
0.058296 	0.758577 	0.183127 	
0.058297 	0.758977 	0.182726 	
0.058293 	0.759399 	0.182308 	
0.058286 	0.759839 	0.181875 	
0.058280 	0.760289 	0.181431 	
0.058276 	0.760750 	0.180973 	
0.058278 	0.761224 	0.180498 	
0.058285 	0.761711 	0.180004 	
0.058297 	0.762209 	0.179494 	
0.058315 	0.762715 	0.178969 	
0.058342 	0.763224 	0.178434 	
0.058381 	0.763726 	0.177893 	
0.058445 	0.764176 	0.177379 	
0.058553 	0.764489 	0.176958 	
0.058713 	0.764621 	0.176666 	
0.058924 	0.764566 	0.176510 	
0.059181 	0.764319 	0.176500 	
0.059482 	0.763880 	0.176638 	
0.059821 	0.763253 	0.176926 	
0.060192 	0.762446 	0.177361 	
0.060587 	0.761473 	0.177940 	
0.060996 	0.760351 	0.178653 	
0.061409 	0.759105 	0.179486 	
0.061814 	0.757764 	0.180422 	
0.062201 	0.756364 	0.181435 	
0.062563 	0.754936 	0.182502 	
0.062892 	0.753502 	0.183606 	
0.063184 	0.752083 	0.184732 	
0.063433 	0.750695 	0.185872 	
0.063630 	0.749355 	0.187015 	
0.063777 	0.748078 	0.188146 	
0.063882 	0.746875 	0.189242 	
0.063957 	0.745758 	0.190285 	
0.064002 	0.744738 	0.191260 	
0.064020 	0.743822 	0.192158 	
0.064015 	0.743007 	0.192978 	
0.063988 	0.742285 	0.193727 	
0.063942 	0.741650 	0.194409 	
0.063877 	0.741096 	0.195027 	
0.063793 	0.740621 	0.195585 	
0.063689 	0.740221 	0.196090 	
0.063564 	0.739894 	0.196542 	
0.063416 	0.739651 	0.196933 	
0.063243 	0.739502 	0.197255 	
0.063044 	0.739456 	0.197500 	
0.062819 	0.739520 	0.197661 	
0.062569 	0.739707 	0.197725 	
0.062291 	0.739994 	0.197715 	
0.061989 	0.740319 	0.197693 	
0.061662 	0.740650 	0.197688 	
0.061308 	0.740999 	0.197694 	
0.060926 	0.741376 	0.197698 	
0.060516 	0.741796 	0.197688 	
0.060074 	0.742277 	0.197649 	
0.059599 	0.742832 	0.197570 	
0.059089 	0.743466 	0.197445 	
0.058547 	0.744193 	0.197260 	
0.057977 	0.745025 	0.196998 	
0.057382 	0.745961 	0.196657 	
0.056767 	0.746992 	0.196241 	
0.056136 	0.748115 	0.195749 	
0.055494 	0.749326 	0.195179 	
0.054845 	0.750625 	0.194530 	
0.054193 	0.752012 	0.193796 	
0.053544 	0.753491 	0.192965 	
0.052901 	0.755062 	0.192037 	
0.052256 	0.756721 	0.191023 	
0.051612 	0.758456 	0.189932 	
0.050977 	0.760250 	0.188773 	
0.050357 	0.762079 	0.187563 	
0.049757 	0.763928 	0.186316 	
0.049175 	0.765785 	0.185040 	
0.048614 	0.767641 	0.183745 	
0.048074 	0.769488 	0.182437 	
0.047552 	0.771320 	0.181129 	
0.047045 	0.773126 	0.179829 	
0.046555 	0.774899 	0.178547 	
0.046082 	0.776619 	0.177299 	
0.045630 	0.778264 	0.176106 	
0.045202 	0.779803 	0.174995 	
0.044800 	0.781210 	0.173990 	
0.044428 	0.782456 	0.173116 	
0.044086 	0.783548 	0.172366 	
0.043770 	0.784535 	0.171694 	
0.043482 	0.785458 	0.171061 	
0.043224 	0.786334 	0.170442 	
0.042998 	0.787188 	0.169815 	
0.042804 	0.788042 	0.169154 	
0.042646 	0.788912 	0.168443 	
0.042523 	0.789799 	0.167678 	
0.042434 	0.790705 	0.166860 	
0.042379 	0.791628 	0.165993 	
0.042356 	0.792562 	0.165081 	
0.042363 	0.793497 	0.164140 	
0.042391 	0.794418 	0.163191 	
0.210146  0.311889  0.199671  0.278294  
0.170770  0.375816  0.154043  0.299371  
0.134486  0.438461  0.115077  0.311976  
0.103040  0.497222  0.083568  0.316170  
0.077155  0.550560  0.059263  0.313021  
0.056716  0.597941  0.041227  0.304116  
0.041095  0.639540  0.028249  0.291117  
0.029448  0.675925  0.019130  0.275497  
0.020926  0.707805  0.012837  0.258431  
0.014776  0.735878  0.008555  0.240792  
0.010383  0.760754  0.005670  0.223192  
0.007271  0.782940  0.003742  0.206047  
0.005077  0.802840  0.002461  0.189622  
0.003539  0.820769  0.001614  0.174078  
0.002463  0.836975  0.001056  0.159505  
0.001713  0.851656  0.000690  0.145941  
0.001191  0.864973  0.000450  0.133386  
0.000828  0.877064  0.000293  0.121815  
0.000576  0.888048  0.000191  0.111185  
0.000401  0.898028  0.000124  0.101447  
0.000279  0.907098  0.000081  0.092543  
0.000195  0.915339  0.000052  0.084414  
0.000136  0.922828  0.000034  0.077002  
0.000095  0.929632  0.000022  0.070251  
0.000066  0.935814  0.000014  0.064105  
0.000046  0.941430  0.000009  0.058514  
0.000032  0.946533  0.000006  0.053429  
0.000023  0.951170  0.000004  0.048803  
0.000016  0.955386  0.000003  0.044595  
0.000011  0.959220  0.000002  0.040767  
0.000008  0.962710  0.000001  0.037281  
0.000006  0.965887  0.000001  0.034107  
0.000004  0.968782  0.000000  0.031214  
0.000003  0.971421  0.000000  0.028576  
0.000002  0.973828  0.000000  0.026170  
0.000001  0.976026  0.000000  0.023973  
0.000001  0.978032  0.000000  0.021967  
0.000001  0.979866  0.000000  0.020133  
0.000000  0.981543  0.000000  0.018456  
0.000000  0.983077  0.000000  0.016922  
0.000000  0.984482  0.000000  0.015518  
0.000000  0.985769  0.000000  0.014231  
0.000000  0.986947  0.000000  0.013053  
0.000000  0.988027  0.000000  0.011972  
0.000000  0.989018  0.000000  0.010982  
0.000000  0.989925  0.000000  0.010075  
0.000000  0.990758  0.000000  0.009242  
0.000000  0.991521  0.000000  0.008479  
0.000000  0.992220  0.000000  0.007780  
0.000000  0.992862  0.000000  0.007138  
0.000000  0.993451  0.000000  0.006549  
0.000000  0.993992  0.000000  0.006008  
0.000000  0.994490  0.000000  0.005510  
0.000000  0.994947  0.000000  0.005053  
0.000000  0.995367  0.000000  0.004633  
0.000000  0.995753  0.000000  0.004247  
0.000000  0.996109  0.000000  0.003891  
0.000000  0.996436  0.000000  0.003564  
0.000000  0.996736  0.000000  0.003264  
0.000000  0.997013  0.000000  0.002987  
0.000000  0.997267  0.000000  0.002733  
0.000000  0.997501  0.000000  0.002499  
0.000000  0.997716  0.000000  0.002284  
0.000000  0.997914  0.000000  0.002086  
0.000000  0.998096  0.000000  0.001904  
0.000000  0.998264  0.000000  0.001736  
0.000000  0.998418  0.000000  0.001582  
0.000000  0.998559  0.000000  0.001441  
0.000000  0.998688  0.000000  0.001312  
0.000000  0.998807  0.000000  0.001193  
0.000000  0.998916  0.000000  0.001084  
0.000000  0.999016  0.000000  0.000984  
0.000000  0.999107  0.000000  0.000893  
0.000000  0.999190  0.000000  0.000810  
0.000000  0.999266  0.000000  0.000734  
0.000000  0.999335  0.000000  0.000665  
0.000000  0.999398  0.000000  0.000602  
0.000000  0.999455  0.000000  0.000545  
0.000000  0.999506  0.000000  0.000494  
0.000000  0.999553  0.000000  0.000447  
0.000000  0.999596  0.000000  0.000404  
0.000000  0.999634  0.000000  0.000366  
0.000000  0.999669  0.000000  0.000331  
0.000000  0.999700  0.000000  0.000300  
0.000000  0.999728  0.000000  0.000272  
0.000000  0.999754  0.000000  0.000246  
0.000000  0.999777  0.000000  0.000223  
0.000000  0.999798  0.000000  0.000202  
0.000000  0.999817  0.000000  0.000183  
0.000000  0.999834  0.000000  0.000166  
0.000000  0.999849  0.000000  0.000151  
0.000000  0.999863  0.000000  0.000137  
0.000000  0.999876  0.000000  0.000124  
0.000000  0.999887  0.000000  0.000113  
0.000000  0.999898  0.000000  0.000102  
0.000000  0.999907  0.000000  0.000093  
0.000000  0.999916  0.000000  0.000084  
0.000000  0.999923  0.000000  0.000077  
0.000000  0.999930  0.000000  0.000070  
0.000000  0.999937  0.000000  0.000063  
■動作3：
学習データ
0.850352 	0.046613 	0.103034 	
0.851392 	0.046439 	0.102170 	
0.852469 	0.046251 	0.101280 	
0.853590 	0.046049 	0.100362 	
0.854764 	0.045829 	0.099407 	
0.856003 	0.045591 	0.098406 	
0.857308 	0.045337 	0.097355 	
0.858682 	0.045067 	0.096251 	
0.860132 	0.044783 	0.095084 	
0.861653 	0.044492 	0.093855 	
0.863228 	0.044197 	0.092575 	
0.864844 	0.043903 	0.091254 	
0.866484 	0.043610 	0.089906 	
0.868129 	0.043323 	0.088547 	
0.869770 	0.043044 	0.087186 	
0.871384 	0.042779 	0.085837 	
0.872949 	0.042535 	0.084517 	
0.874455 	0.042314 	0.083231 	
0.875916 	0.042113 	0.081971 	
0.877333 	0.041928 	0.080739 	
0.878690 	0.041755 	0.079554 	
0.879969 	0.041597 	0.078434 	
0.881152 	0.041459 	0.077389 	
0.882228 	0.041341 	0.076432 	
0.883185 	0.041244 	0.075571 	
0.884023 	0.041171 	0.074805 	
0.884740 	0.041124 	0.074136 	
0.885337 	0.041103 	0.073560 	
0.885834 	0.041102 	0.073064 	
0.886258 	0.041114 	0.072628 	
0.886640 	0.041130 	0.072230 	
0.886999 	0.041141 	0.071860 	
0.887339 	0.041142 	0.071518 	
0.887661 	0.041132 	0.071207 	
0.887969 	0.041107 	0.070924 	
0.888267 	0.041068 	0.070666 	
0.888552 	0.041017 	0.070431 	
0.888825 	0.040958 	0.070217 	
0.889087 	0.040890 	0.070023 	
0.889336 	0.040815 	0.069849 	
0.889566 	0.040734 	0.069699 	
0.889772 	0.040652 	0.069577 	
0.889946 	0.040569 	0.069485 	
0.890087 	0.040486 	0.069427 	
0.890191 	0.040403 	0.069407 	
0.890258 	0.040319 	0.069423 	
0.890289 	0.040237 	0.069475 	
0.890272 	0.040156 	0.069572 	
0.890204 	0.040076 	0.069720 	
0.890085 	0.039997 	0.069918 	
0.889908 	0.039918 	0.070173 	
0.889658 	0.039841 	0.070501 	
0.889347 	0.039761 	0.070893 	
0.889020 	0.039668 	0.071312 	
0.888709 	0.039559 	0.071731 	
0.888418 	0.039441 	0.072140 	
0.888141 	0.039319 	0.072540 	
0.887866 	0.039199 	0.072935 	
0.887584 	0.039083 	0.073333 	
0.887283 	0.038972 	0.073745 	
0.886945 	0.038873 	0.074182 	
0.886550 	0.038798 	0.074652 	
0.886077 	0.038758 	0.075165 	
0.885507 	0.038763 	0.075730 	
0.884833 	0.038820 	0.076347 	
0.884045 	0.038937 	0.077019 	
0.883133 	0.039116 	0.077751 	
0.882092 	0.039367 	0.078541 	
0.880915 	0.039699 	0.079386 	
0.879588 	0.040119 	0.080292 	
0.878119 	0.040625 	0.081256 	
0.876536 	0.041195 	0.082269 	
0.874866 	0.041805 	0.083329 	
0.873131 	0.042437 	0.084431 	
0.871360 	0.043070 	0.085570 	
0.869577 	0.043688 	0.086735 	
0.867801 	0.044284 	0.087915 	
0.866047 	0.044854 	0.089100 	
0.864318 	0.045396 	0.090285 	
0.862614 	0.045919 	0.091468 	
0.860936 	0.046423 	0.092641 	
0.859292 	0.046908 	0.093800 	
0.857697 	0.047367 	0.094936 	
0.856172 	0.047798 	0.096030 	
0.854747 	0.048195 	0.097058 	
0.853451 	0.048550 	0.097999 	
0.852316 	0.048852 	0.098831 	
0.851336 	0.049108 	0.099556 	
0.850464 	0.049337 	0.100200 	
0.849674 	0.049549 	0.100777 	
0.848968 	0.049747 	0.101285 	
0.848353 	0.049928 	0.101719 	
0.847830 	0.050095 	0.102075 	
0.847398 	0.050250 	0.102353 	
0.847048 	0.050396 	0.102556 	
0.846772 	0.050536 	0.102692 	
0.846568 	0.050674 	0.102758 	
0.846426 	0.050811 	0.102763 	
0.846329 	0.050946 	0.102724 	
0.846270 	0.051071 	0.102659 	
0.264695  0.220233  0.269783  0.245289  
0.278579  0.192833  0.289374  0.239214  
0.291535  0.167873  0.308633  0.231959  
0.303474  0.145357  0.327450  0.223718  
0.314331  0.125229  0.345749  0.214691  
0.324063  0.107384  0.363485  0.205068  
0.332651  0.091682  0.380639  0.195028  
0.340087  0.077963  0.397216  0.184734  
0.346379  0.066049  0.413244  0.174329  
0.351539  0.055761  0.428763  0.163937  
0.355590  0.046923  0.443825  0.153661  
0.358558  0.039367  0.458487  0.143588  
0.360471  0.032932  0.472810  0.133787  
0.361354  0.027474  0.486863  0.124309  
0.361218  0.022859  0.500732  0.115191  
0.360072  0.018970  0.514502  0.106456  
0.357930  0.015701  0.528245  0.098123  
0.354814  0.012962  0.542020  0.090204  
0.350754  0.010674  0.555866  0.082707  
0.345786  0.008766  0.569813  0.075635  
0.339953  0.007182  0.583877  0.068989  
0.333301  0.005868  0.598068  0.062763  
0.325880  0.004783  0.612388  0.056949  
0.317744  0.003888  0.626830  0.051538  
0.308948  0.003152  0.641383  0.046517  
0.299556  0.002549  0.656023  0.041872  
0.289638  0.002055  0.670718  0.037589  
0.279268  0.001653  0.685424  0.033654  
0.268530  0.001326  0.700093  0.030051  
0.257507  0.001061  0.714669  0.026764  
0.246284  0.000846  0.729094  0.023775  
0.234950  0.000674  0.743307  0.021069  
0.223590  0.000535  0.757246  0.018628  
0.212282  0.000424  0.770860  0.016434  
0.201097  0.000336  0.784100  0.014468  
0.190101  0.000265  0.796922  0.012712  
0.179350  0.000209  0.809292  0.011149  
0.168892  0.000164  0.821182  0.009762  
0.158768  0.000129  0.832570  0.008534  
0.149008  0.000101  0.843442  0.007449  
0.139634  0.000079  0.853793  0.006493  
0.130660  0.000062  0.863625  0.005653  
0.122092  0.000049  0.872944  0.004915  
0.113933  0.000038  0.881760  0.004269  
0.106178  0.000030  0.890089  0.003703  
0.098822  0.000023  0.897947  0.003209  
0.091856  0.000018  0.905349  0.002777  
0.085272  0.000014  0.912313  0.002401  
0.079065  0.000011  0.918851  0.002073  
0.073231  0.000008  0.924972  0.001789  
0.067766  0.000007  0.930685  0.001542  
0.062660  0.000005  0.936007  0.001329  
0.057900  0.000004  0.940952  0.001144  
0.053472  0.000003  0.945540  0.000984  
0.049362  0.000002  0.949789  0.000847  
0.045552  0.000002  0.953718  0.000728  
0.042026  0.000001  0.957347  0.000626  
0.038767  0.000001  0.960694  0.000538  
0.035757  0.000001  0.963779  0.000463  
0.032982  0.000001  0.966620  0.000398  
0.030425  0.000001  0.969233  0.000342  
0.028069  0.000000  0.971636  0.000294  
0.025901  0.000000  0.973846  0.000253  
0.023906  0.000000  0.975876  0.000217  
0.022071  0.000000  0.977742  0.000187  
0.020384  0.000000  0.979455  0.000161  
0.018833  0.000000  0.981028  0.000138  
0.017408  0.000000  0.982473  0.000119  
0.016099  0.000000  0.983798  0.000103  
0.014897  0.000000  0.985015  0.000088  
0.013793  0.000000  0.986131  0.000076  
0.012780  0.000000  0.987154  0.000066  
0.011851  0.000000  0.988092  0.000057  
0.011001  0.000000  0.988950  0.000049  
0.010223  0.000000  0.989734  0.000042  
0.009514  0.000000  0.990449  0.000037  
0.008868  0.000000  0.991100  0.000032  
0.008280  0.000000  0.991692  0.000028  
0.007746  0.000000  0.992230  0.000024  
0.007262  0.000000  0.992717  0.000021  
0.006823  0.000000  0.993159  0.000018  
0.006425  0.000000  0.993559  0.000016  
0.006065  0.000000  0.993921  0.000014  
0.005738  0.000000  0.994249  0.000012  
0.005443  0.000000  0.994546  0.000011  
0.005177  0.000000  0.994814  0.000010  
0.004936  0.000000  0.995056  0.000008  
0.004718  0.000000  0.995275  0.000008  
0.004521  0.000000  0.995472  0.000007  
0.004344  0.000000  0.995650  0.000006  
0.004183  0.000000  0.995811  0.000005  
0.004038  0.000000  0.995957  0.000005  
0.003907  0.000000  0.996089  0.000004  
0.003787  0.000000  0.996209  0.000004  
0.003679  0.000000  0.996318  0.000003  
0.003580  0.000000  0.996416  0.000003  
0.003491  0.000000  0.996506  0.000003  
0.003409  0.000000  0.996588  0.000003  
0.003335  0.000000  0.996663  0.000002  
0.003268  0.000000  0.996730  0.000002  
■動作4：
学習データ
0.127735 	0.362442 	0.509823 	
0.127180 	0.362799 	0.510021 	
0.126619 	0.363126 	0.510255 	
0.126060 	0.363395 	0.510545 	
0.125509 	0.363590 	0.510902 	
0.124966 	0.363707 	0.511327 	
0.124434 	0.363736 	0.511830 	
0.123911 	0.363659 	0.512430 	
0.123404 	0.363460 	0.513136 	
0.122922 	0.363128 	0.513950 	
0.122477 	0.362654 	0.514868 	
0.122084 	0.362024 	0.515892 	
0.121748 	0.361220 	0.517032 	
0.121478 	0.360222 	0.518299 	
0.121291 	0.359015 	0.519694 	
0.121205 	0.357583 	0.521212 	
0.121240 	0.355907 	0.522853 	
0.121386 	0.354006 	0.524608 	
0.121599 	0.351962 	0.526439 	
0.121847 	0.349843 	0.528310 	
0.122112 	0.347697 	0.530191 	
0.122375 	0.345565 	0.532059 	
0.122622 	0.343477 	0.533901 	
0.122844 	0.341456 	0.535700 	
0.123041 	0.339528 	0.537431 	
0.123218 	0.337711 	0.539071 	
0.123384 	0.336013 	0.540603 	
0.123544 	0.334440 	0.542016 	
0.123698 	0.333005 	0.543298 	
0.123848 	0.331728 	0.544424 	
0.124001 	0.330643 	0.545357 	
0.124153 	0.329783 	0.546064 	
0.124303 	0.329185 	0.546512 	
0.124455 	0.328884 	0.546662 	
0.124612 	0.328926 	0.546462 	
0.124794 	0.329308 	0.545898 	
0.125040 	0.329949 	0.545011 	
0.125369 	0.330777 	0.543854 	
0.125782 	0.331735 	0.542483 	
0.126278 	0.332761 	0.540961 	
0.126845 	0.333805 	0.539350 	
0.127464 	0.334835 	0.537701 	
0.128113 	0.335842 	0.536045 	
0.128773 	0.336834 	0.534393 	
0.129433 	0.337810 	0.532757 	
0.130090 	0.338761 	0.531149 	
0.130742 	0.339684 	0.529575 	
0.131384 	0.340576 	0.528039 	
0.132016 	0.341436 	0.526548 	
0.132634 	0.342257 	0.525109 	
0.133232 	0.343031 	0.523736 	
0.133803 	0.343743 	0.522454 	
0.134341 	0.344386 	0.521273 	
0.134846 	0.344961 	0.520193 	
0.135314 	0.345474 	0.519212 	
0.135739 	0.345925 	0.518336 	
0.136116 	0.346310 	0.517574 	
0.136455 	0.346625 	0.516921 	
0.136774 	0.346872 	0.516354 	
0.137090 	0.347053 	0.515857 	
0.137412 	0.347174 	0.515415 	
0.137735 	0.347251 	0.515014 	
0.138053 	0.347305 	0.514642 	
0.138357 	0.347360 	0.514283 	
0.138637 	0.347436 	0.513927 	
0.138882 	0.347547 	0.513572 	
0.139083 	0.347699 	0.513218 	
0.139237 	0.347893 	0.512869 	
0.139334 	0.348136 	0.512530 	
0.139361 	0.348436 	0.512203 	
0.139320 	0.348794 	0.511886 	
0.139227 	0.349206 	0.511567 	
0.139091 	0.349687 	0.511221 	
0.138916 	0.350249 	0.510836 	
0.138707 	0.350879 	0.510415 	
0.138473 	0.351557 	0.509970 	
0.138221 	0.352274 	0.509506 	
0.137958 	0.353016 	0.509026 	
0.137692 	0.353765 	0.508543 	
0.137425 	0.354498 	0.508077 	
0.137160 	0.355191 	0.507649 	
0.136905 	0.355830 	0.507266 	
0.136661 	0.356396 	0.506943 	
0.136428 	0.356870 	0.506702 	
0.136206 	0.357227 	0.506566 	
0.135998 	0.357440 	0.506562 	
0.135809 	0.357481 	0.506710 	
0.135650 	0.357344 	0.507006 	
0.135535 	0.357047 	0.507418 	
0.135477 	0.356607 	0.507915 	
0.135478 	0.356031 	0.508491 	
0.135540 	0.355323 	0.509137 	
0.135660 	0.354493 	0.509847 	
0.135833 	0.353553 	0.510614 	
0.136048 	0.352514 	0.511438 	
0.136287 	0.351390 	0.512323 	
0.136522 	0.350203 	0.513275 	
0.136723 	0.348977 	0.514301 	
0.136855 	0.347738 	0.515407 	
0.136889 	0.346511 	0.516600 	
0.267998  0.264129  0.177399  0.290474  
0.278842  0.271119  0.122313  0.327726  
0.283584  0.272299  0.082519  0.361599  
0.283564  0.269167  0.054794  0.392475  
0.280042  0.263046  0.035970  0.420941  
0.274044  0.254963  0.023419  0.447574  
0.266340  0.245653  0.015157  0.472851  
0.257490  0.235622  0.009765  0.497123  
0.247892  0.225209  0.006270  0.520630  
0.237827  0.214640  0.004014  0.543519  
0.227502  0.204062  0.002564  0.565872  
0.217068  0.193576  0.001634  0.587722  
0.206640  0.183252  0.001039  0.609069  
0.196307  0.173138  0.000660  0.629896  
0.186143  0.163266  0.000418  0.650172  
0.176205  0.153665  0.000264  0.669866  
0.166536  0.144356  0.000167  0.688941  
0.157171  0.135359  0.000105  0.707365  
0.148135  0.126690  0.000066  0.725109  
0.139445  0.118365  0.000042  0.742148  
0.131115  0.110394  0.000026  0.758465  
0.123152  0.102786  0.000016  0.774046  
0.115557  0.095546  0.000010  0.788886  
0.108331  0.088677  0.000006  0.802985  
0.101469  0.082180  0.000004  0.816347  
0.094962  0.076052  0.000002  0.828983  
0.088804  0.070287  0.000002  0.840907  
0.082982  0.064880  0.000001  0.852138  
0.077484  0.059820  0.000001  0.862695  
0.072300  0.055096  0.000000  0.872604  
0.067415  0.050695  0.000000  0.881889  
0.062818  0.046603  0.000000  0.890578  
0.058496  0.042805  0.000000  0.898699  
0.054436  0.039285  0.000000  0.906279  
0.050625  0.036029  0.000000  0.913346  
0.047052  0.033020  0.000000  0.919928  
0.043705  0.030244  0.000000  0.926051  
0.040573  0.027684  0.000000  0.931743  
0.037645  0.025328  0.000000  0.937027  
0.034911  0.023160  0.000000  0.941929  
0.032360  0.021167  0.000000  0.946473  
0.029984  0.019335  0.000000  0.950681  
0.027772  0.017653  0.000000  0.954574  
0.025716  0.016109  0.000000  0.958174  
0.023806  0.014693  0.000000  0.961501  
0.022033  0.013393  0.000000  0.964574  
0.020387  0.012202  0.000000  0.967411  
0.018861  0.011110  0.000000  0.970029  
0.017447  0.010110  0.000000  0.972442  
0.016137  0.009195  0.000000  0.974668  
0.014925  0.008357  0.000000  0.976718  
0.013803  0.007591  0.000000  0.978606  
0.012764  0.006890  0.000000  0.980345  
0.011804  0.006251  0.000000  0.981945  
0.010916  0.005667  0.000000  0.983417  
0.010096  0.005134  0.000000  0.984770  
0.009337  0.004648  0.000000  0.986015  
0.008636  0.004206  0.000000  0.987158  
0.007988  0.003803  0.000000  0.988209  
0.007389  0.003437  0.000000  0.989174  
0.006836  0.003104  0.000000  0.990060  
0.006326  0.002801  0.000000  0.990873  
0.005854  0.002527  0.000000  0.991619  
0.005418  0.002278  0.000000  0.992304  
0.005016  0.002053  0.000000  0.992931  
0.004643  0.001850  0.000000  0.993507  
0.004298  0.001667  0.000000  0.994036  
0.003977  0.001502  0.000000  0.994521  
0.003679  0.001353  0.000000  0.994967  
0.003403  0.001220  0.000000  0.995377  
0.003145  0.001100  0.000000  0.995754  
0.002906  0.000993  0.000000  0.996101  
0.002683  0.000896  0.000000  0.996421  
0.002476  0.000810  0.000000  0.996715  
0.002283  0.000732  0.000000  0.996985  
0.002103  0.000662  0.000000  0.997235  
0.001936  0.000600  0.000000  0.997464  
0.001781  0.000543  0.000000  0.997675  
0.001637  0.000493  0.000000  0.997870  
0.001504  0.000447  0.000000  0.998049  
0.001380  0.000406  0.000000  0.998214  
0.001265  0.000370  0.000000  0.998366  
0.001158  0.000336  0.000000  0.998505  
0.001060  0.000306  0.000000  0.998633  
0.000970  0.000279  0.000000  0.998751  
0.000887  0.000255  0.000000  0.998858  
0.000810  0.000233  0.000000  0.998957  
0.000740  0.000212  0.000000  0.999047  
0.000676  0.000194  0.000000  0.999130  
0.000618  0.000177  0.000000  0.999205  
0.000564  0.000162  0.000000  0.999274  
0.000515  0.000148  0.000000  0.999337  
0.000471  0.000135  0.000000  0.999394  
0.000430  0.000124  0.000000  0.999446  
0.000393  0.000113  0.000000  0.999494  
0.000359  0.000104  0.000000  0.999537  
0.000328  0.000095  0.000000  0.999577  
0.000300  0.000087  0.000000  0.999613  
0.000274  0.000079  0.000000  0.999646  
0.000251  0.000072  0.000000  0.999677  
動作1：0.999440  0.000000  0.000487  0.000073  
動作2：0.000000  0.999937  0.000000  0.000063  
動作3：0.003268  0.000000  0.996730  0.000002  
動作4：0.000251  0.000072  0.000000  0.999677  
