■動作1：
学習データ
0.760237 	0.043880 	0.195883 	
0.763287 	0.043397 	0.193316 	
0.766479 	0.042923 	0.190598 	
0.769749 	0.042468 	0.187783 	
0.773035 	0.042041 	0.184924 	
0.776286 	0.041646 	0.182068 	
0.779460 	0.041285 	0.179255 	
0.782528 	0.040958 	0.176514 	
0.785478 	0.040667 	0.173856 	
0.788305 	0.040405 	0.171290 	
0.791012 	0.040166 	0.168823 	
0.793596 	0.039940 	0.166464 	
0.796034 	0.039725 	0.164241 	
0.798297 	0.039517 	0.162186 	
0.800359 	0.039316 	0.160325 	
0.802183 	0.039123 	0.158694 	
0.803732 	0.038933 	0.157336 	
0.805046 	0.038739 	0.156215 	
0.806240 	0.038524 	0.155236 	
0.807370 	0.038280 	0.154350 	
0.808431 	0.038007 	0.153562 	
0.809418 	0.037707 	0.152875 	
0.810324 	0.037384 	0.152292 	
0.811140 	0.037040 	0.151820 	
0.811867 	0.036676 	0.151457 	
0.812511 	0.036298 	0.151191 	
0.813080 	0.035911 	0.151009 	
0.813586 	0.035517 	0.150898 	
0.814039 	0.035121 	0.150841 	
0.814445 	0.034729 	0.150827 	
0.814798 	0.034348 	0.150854 	
0.815091 	0.033986 	0.150922 	
0.815323 	0.033649 	0.151027 	
0.815491 	0.033343 	0.151167 	
0.815592 	0.033072 	0.151336 	
0.815641 	0.032840 	0.151519 	
0.815664 	0.032649 	0.151688 	
0.815684 	0.032498 	0.151818 	
0.815710 	0.032389 	0.151901 	
0.815741 	0.032319 	0.151940 	
0.815778 	0.032285 	0.151937 	
0.815823 	0.032283 	0.151894 	
0.815871 	0.032311 	0.151818 	
0.815912 	0.032368 	0.151721 	
0.815939 	0.032446 	0.151615 	
0.815952 	0.032540 	0.151508 	
0.815951 	0.032648 	0.151401 	
0.815939 	0.032767 	0.151294 	
0.815917 	0.032897 	0.151187 	
0.815884 	0.033037 	0.151079 	
0.815844 	0.033187 	0.150969 	
0.815797 	0.033347 	0.150856 	
0.815741 	0.033513 	0.150746 	
0.815668 	0.033684 	0.150649 	
0.815571 	0.033855 	0.150574 	
0.815447 	0.034025 	0.150529 	
0.815289 	0.034189 	0.150522 	
0.815090 	0.034345 	0.150566 	
0.814844 	0.034491 	0.150665 	
0.814544 	0.034628 	0.150828 	
0.814183 	0.034755 	0.151061 	
0.813762 	0.034876 	0.151362 	
0.813268 	0.034995 	0.151737 	
0.812683 	0.035119 	0.152198 	
0.811997 	0.035254 	0.152750 	
0.811210 	0.035400 	0.153390 	
0.810326 	0.035557 	0.154118 	
0.809345 	0.035724 	0.154931 	
0.808266 	0.035904 	0.155830 	
0.807084 	0.036094 	0.156822 	
0.805799 	0.036297 	0.157905 	
0.804421 	0.036508 	0.159070 	
0.802967 	0.036725 	0.160308 	
0.801451 	0.036943 	0.161605 	
0.799892 	0.037160 	0.162947 	
0.798314 	0.037374 	0.164312 	
0.796737 	0.037582 	0.165681 	
0.795173 	0.037783 	0.167044 	
0.793625 	0.037975 	0.168400 	
0.792101 	0.038160 	0.169739 	
0.790615 	0.038342 	0.171043 	
0.789183 	0.038523 	0.172294 	
0.787832 	0.038701 	0.173467 	
0.786593 	0.038871 	0.174535 	
0.785503 	0.039032 	0.175465 	
0.784598 	0.039179 	0.176223 	
0.783917 	0.039311 	0.176772 	
0.783430 	0.039433 	0.177138 	
0.783021 	0.039560 	0.177419 	
0.782618 	0.039699 	0.177682 	
0.782210 	0.039851 	0.177939 	
0.781802 	0.040011 	0.178187 	
0.781413 	0.040178 	0.178409 	
0.781062 	0.040349 	0.178588 	
0.780760 	0.040524 	0.178716 	
0.780504 	0.040699 	0.178796 	
0.780284 	0.040875 	0.178842 	
0.780080 	0.041050 	0.178870 	
0.779872 	0.041226 	0.178902 	
0.779646 	0.041401 	0.178954 	
0.281102  0.219345  0.247828  0.251725  
0.313670  0.190967  0.243845  0.251518  
0.347405  0.165004  0.238169  0.249422  
0.381979  0.141522  0.230966  0.245533  
0.417047  0.120517  0.222443  0.239993  
0.452259  0.101928  0.212833  0.232980  
0.487275  0.085643  0.202383  0.224699  
0.521774  0.071514  0.191339  0.215373  
0.555472  0.059366  0.179933  0.205229  
0.588121  0.049013  0.168371  0.194495  
0.619524  0.040259  0.156834  0.183383  
0.649522  0.032912  0.145477  0.172089  
0.677996  0.026789  0.134429  0.160785  
0.704854  0.021718  0.123807  0.149621  
0.730023  0.017542  0.113717  0.138717  
0.753462  0.014123  0.104239  0.128175  
0.775173  0.011336  0.095417  0.118073  
0.795189  0.009075  0.087267  0.108468  
0.813568  0.007249  0.079782  0.099401  
0.830388  0.005778  0.072941  0.090894  
0.845737  0.004597  0.066711  0.082954  
0.859714  0.003652  0.061054  0.075580  
0.872417  0.002897  0.055927  0.068760  
0.883945  0.002295  0.051287  0.062473  
0.894394  0.001817  0.047093  0.056696  
0.903856  0.001437  0.043304  0.051402  
0.912420  0.001136  0.039882  0.046563  
0.920168  0.000897  0.036788  0.042147  
0.927179  0.000708  0.033988  0.038125  
0.933525  0.000559  0.031449  0.034466  
0.939272  0.000441  0.029143  0.031144  
0.944481  0.000347  0.027043  0.028129  
0.949205  0.000274  0.025126  0.025396  
0.953493  0.000216  0.023371  0.022920  
0.957389  0.000170  0.021762  0.020679  
0.960932  0.000134  0.020282  0.018652  
0.964158  0.000105  0.018917  0.016820  
0.967098  0.000083  0.017655  0.015163  
0.969782  0.000065  0.016486  0.013667  
0.972233  0.000051  0.015400  0.012316  
0.974474  0.000040  0.014390  0.011096  
0.976526  0.000032  0.013448  0.009994  
0.978406  0.000025  0.012569  0.009000  
0.980130  0.000020  0.011747  0.008103  
0.981713  0.000015  0.010978  0.007294  
0.983166  0.000012  0.010258  0.006564  
0.984501  0.000010  0.009583  0.005906  
0.985729  0.000007  0.008950  0.005313  
0.986858  0.000006  0.008358  0.004779  
0.987896  0.000005  0.007802  0.004297  
0.988851  0.000004  0.007282  0.003863  
0.989729  0.000003  0.006795  0.003473  
0.990537  0.000002  0.006339  0.003121  
0.991281  0.000002  0.005913  0.002805  
0.991965  0.000001  0.005514  0.002520  
0.992594  0.000001  0.005140  0.002264  
0.993174  0.000001  0.004791  0.002034  
0.993707  0.000001  0.004465  0.001827  
0.994198  0.000001  0.004160  0.001641  
0.994650  0.000000  0.003876  0.001474  
0.995066  0.000000  0.003611  0.001324  
0.995448  0.000000  0.003363  0.001189  
0.995799  0.000000  0.003134  0.001068  
0.996121  0.000000  0.002920  0.000959  
0.996417  0.000000  0.002721  0.000861  
0.996689  0.000000  0.002537  0.000774  
0.996939  0.000000  0.002365  0.000695  
0.997169  0.000000  0.002206  0.000625  
0.997382  0.000000  0.002057  0.000562  
0.997577  0.000000  0.001918  0.000505  
0.997758  0.000000  0.001788  0.000454  
0.997925  0.000000  0.001667  0.000408  
0.998079  0.000000  0.001553  0.000367  
0.998223  0.000000  0.001447  0.000330  
0.998356  0.000000  0.001347  0.000297  
0.998479  0.000000  0.001254  0.000267  
0.998594  0.000000  0.001165  0.000240  
0.998702  0.000000  0.001082  0.000216  
0.998802  0.000000  0.001004  0.000195  
0.998896  0.000000  0.000929  0.000175  
0.998983  0.000000  0.000859  0.000157  
0.999065  0.000000  0.000793  0.000142  
0.999142  0.000000  0.000731  0.000127  
0.999214  0.000000  0.000671  0.000114  
0.999282  0.000000  0.000615  0.000103  
0.999345  0.000000  0.000562  0.000092  
0.999405  0.000000  0.000512  0.000083  
0.999461  0.000000  0.000464  0.000075  
0.999514  0.000000  0.000419  0.000067  
0.999563  0.000000  0.000377  0.000060  
0.999609  0.000000  0.000337  0.000054  
0.999652  0.000000  0.000300  0.000048  
0.999691  0.000000  0.000266  0.000043  
0.999727  0.000000  0.000234  0.000039  
0.999760  0.000000  0.000205  0.000035  
0.999790  0.000000  0.000179  0.000031  
0.999817  0.000000  0.000155  0.000028  
0.999841  0.000000  0.000134  0.000025  
0.999863  0.000000  0.000115  0.000022  
0.999882  0.000000  0.000098  0.000020  
■動作2：
学習データ
0.058128 	0.757477 	0.184396 	
0.058194 	0.757511 	0.184295 	
0.058244 	0.757649 	0.184107 	
0.058275 	0.757886 	0.183838 	
0.058291 	0.758205 	0.183504 	
0.058296 	0.758577 	0.183127 	
0.058297 	0.758977 	0.182726 	
0.058293 	0.759399 	0.182308 	
0.058286 	0.759839 	0.181875 	
0.058280 	0.760289 	0.181431 	
0.058276 	0.760750 	0.180973 	
0.058278 	0.761224 	0.180498 	
0.058285 	0.761711 	0.180004 	
0.058297 	0.762209 	0.179494 	
0.058315 	0.762715 	0.178969 	
0.058342 	0.763224 	0.178434 	
0.058381 	0.763726 	0.177893 	
0.058445 	0.764176 	0.177379 	
0.058553 	0.764489 	0.176958 	
0.058713 	0.764621 	0.176666 	
0.058924 	0.764566 	0.176510 	
0.059181 	0.764319 	0.176500 	
0.059482 	0.763880 	0.176638 	
0.059821 	0.763253 	0.176926 	
0.060192 	0.762446 	0.177361 	
0.060587 	0.761473 	0.177940 	
0.060996 	0.760351 	0.178653 	
0.061409 	0.759105 	0.179486 	
0.061814 	0.757764 	0.180422 	
0.062201 	0.756364 	0.181435 	
0.062563 	0.754936 	0.182502 	
0.062892 	0.753502 	0.183606 	
0.063184 	0.752083 	0.184732 	
0.063433 	0.750695 	0.185872 	
0.063630 	0.749355 	0.187015 	
0.063777 	0.748078 	0.188146 	
0.063882 	0.746875 	0.189242 	
0.063957 	0.745758 	0.190285 	
0.064002 	0.744738 	0.191260 	
0.064020 	0.743822 	0.192158 	
0.064015 	0.743007 	0.192978 	
0.063988 	0.742285 	0.193727 	
0.063942 	0.741650 	0.194409 	
0.063877 	0.741096 	0.195027 	
0.063793 	0.740621 	0.195585 	
0.063689 	0.740221 	0.196090 	
0.063564 	0.739894 	0.196542 	
0.063416 	0.739651 	0.196933 	
0.063243 	0.739502 	0.197255 	
0.063044 	0.739456 	0.197500 	
0.062819 	0.739520 	0.197661 	
0.062569 	0.739707 	0.197725 	
0.062291 	0.739994 	0.197715 	
0.061989 	0.740319 	0.197693 	
0.061662 	0.740650 	0.197688 	
0.061308 	0.740999 	0.197694 	
0.060926 	0.741376 	0.197698 	
0.060516 	0.741796 	0.197688 	
0.060074 	0.742277 	0.197649 	
0.059599 	0.742832 	0.197570 	
0.059089 	0.743466 	0.197445 	
0.058547 	0.744193 	0.197260 	
0.057977 	0.745025 	0.196998 	
0.057382 	0.745961 	0.196657 	
0.056767 	0.746992 	0.196241 	
0.056136 	0.748115 	0.195749 	
0.055494 	0.749326 	0.195179 	
0.054845 	0.750625 	0.194530 	
0.054193 	0.752012 	0.193796 	
0.053544 	0.753491 	0.192965 	
0.052901 	0.755062 	0.192037 	
0.052256 	0.756721 	0.191023 	
0.051612 	0.758456 	0.189932 	
0.050977 	0.760250 	0.188773 	
0.050357 	0.762079 	0.187563 	
0.049757 	0.763928 	0.186316 	
0.049175 	0.765785 	0.185040 	
0.048614 	0.767641 	0.183745 	
0.048074 	0.769488 	0.182437 	
0.047552 	0.771320 	0.181129 	
0.047045 	0.773126 	0.179829 	
0.046555 	0.774899 	0.178547 	
0.046082 	0.776619 	0.177299 	
0.045630 	0.778264 	0.176106 	
0.045202 	0.779803 	0.174995 	
0.044800 	0.781210 	0.173990 	
0.044428 	0.782456 	0.173116 	
0.044086 	0.783548 	0.172366 	
0.043770 	0.784535 	0.171694 	
0.043482 	0.785458 	0.171061 	
0.043224 	0.786334 	0.170442 	
0.042998 	0.787188 	0.169815 	
0.042804 	0.788042 	0.169154 	
0.042646 	0.788912 	0.168443 	
0.042523 	0.789799 	0.167678 	
0.042434 	0.790705 	0.166860 	
0.042379 	0.791628 	0.165993 	
0.042356 	0.792562 	0.165081 	
0.042363 	0.793497 	0.164140 	
0.042391 	0.794418 	0.163191 	
0.204703  0.319354  0.194256  0.281687  
0.160670  0.390665  0.144551  0.304114  
0.121354  0.459424  0.103410  0.315812  
0.088721  0.522438  0.071539  0.317303  
0.063189  0.578199  0.048170  0.310441  
0.044110  0.626573  0.031762  0.297555  
0.030333  0.668229  0.020613  0.280826  
0.020629  0.704147  0.013219  0.262005  
0.013916  0.735318  0.008403  0.242362  
0.009332  0.762601  0.005306  0.222761  
0.006231  0.786683  0.003333  0.203754  
0.004147  0.808093  0.002085  0.185675  
0.002753  0.827235  0.001300  0.168711  
0.001825  0.844414  0.000809  0.152952  
0.001208  0.859864  0.000502  0.138425  
0.000800  0.873774  0.000311  0.125116  
0.000529  0.886301  0.000192  0.112977  
0.000350  0.897582  0.000119  0.101949  
0.000232  0.907739  0.000073  0.091956  
0.000154  0.916878  0.000045  0.082923  
0.000102  0.925100  0.000028  0.074770  
0.000068  0.932493  0.000017  0.067422  
0.000045  0.939139  0.000011  0.060806  
0.000030  0.945110  0.000007  0.054853  
0.000020  0.950476  0.000004  0.049500  
0.000013  0.955296  0.000002  0.044688  
0.000009  0.959627  0.000002  0.040362  
0.000006  0.963520  0.000001  0.036473  
0.000004  0.967020  0.000001  0.032975  
0.000003  0.970168  0.000000  0.029829  
0.000002  0.973002  0.000000  0.026996  
0.000001  0.975555  0.000000  0.024443  
0.000001  0.977856  0.000000  0.022143  
0.000001  0.979932  0.000000  0.020067  
0.000000  0.981806  0.000000  0.018194  
0.000000  0.983498  0.000000  0.016502  
0.000000  0.985028  0.000000  0.014972  
0.000000  0.986412  0.000000  0.013588  
0.000000  0.987664  0.000000  0.012336  
0.000000  0.988798  0.000000  0.011202  
0.000000  0.989827  0.000000  0.010173  
0.000000  0.990759  0.000000  0.009241  
0.000000  0.991605  0.000000  0.008395  
0.000000  0.992372  0.000000  0.007628  
0.000000  0.993069  0.000000  0.006931  
0.000000  0.993702  0.000000  0.006298  
0.000000  0.994276  0.000000  0.005724  
0.000000  0.994797  0.000000  0.005203  
0.000000  0.995271  0.000000  0.004729  
0.000000  0.995701  0.000000  0.004299  
0.000000  0.996093  0.000000  0.003907  
0.000000  0.996449  0.000000  0.003551  
0.000000  0.996773  0.000000  0.003227  
0.000000  0.997068  0.000000  0.002932  
0.000000  0.997337  0.000000  0.002663  
0.000000  0.997581  0.000000  0.002419  
0.000000  0.997804  0.000000  0.002196  
0.000000  0.998007  0.000000  0.001993  
0.000000  0.998192  0.000000  0.001808  
0.000000  0.998361  0.000000  0.001639  
0.000000  0.998515  0.000000  0.001485  
0.000000  0.998655  0.000000  0.001345  
0.000000  0.998782  0.000000  0.001218  
0.000000  0.998898  0.000000  0.001102  
0.000000  0.999004  0.000000  0.000996  
0.000000  0.999100  0.000000  0.000900  
0.000000  0.999188  0.000000  0.000812  
0.000000  0.999268  0.000000  0.000732  
0.000000  0.999340  0.000000  0.000660  
0.000000  0.999406  0.000000  0.000594  
0.000000  0.999465  0.000000  0.000535  
0.000000  0.999519  0.000000  0.000481  
0.000000  0.999568  0.000000  0.000432  
0.000000  0.999612  0.000000  0.000388  
0.000000  0.999652  0.000000  0.000348  
0.000000  0.999688  0.000000  0.000312  
0.000000  0.999720  0.000000  0.000280  
0.000000  0.999749  0.000000  0.000251  
0.000000  0.999775  0.000000  0.000225  
0.000000  0.999799  0.000000  0.000201  
0.000000  0.999820  0.000000  0.000180  
0.000000  0.999839  0.000000  0.000161  
0.000000  0.999855  0.000000  0.000145  
0.000000  0.999870  0.000000  0.000130  
0.000000  0.999884  0.000000  0.000116  
0.000000  0.999896  0.000000  0.000104  
0.000000  0.999906  0.000000  0.000094  
0.000000  0.999916  0.000000  0.000084  
0.000000  0.999925  0.000000  0.000075  
0.000000  0.999932  0.000000  0.000068  
0.000000  0.999939  0.000000  0.000061  
0.000000  0.999945  0.000000  0.000055  
0.000000  0.999951  0.000000  0.000049  
0.000000  0.999956  0.000000  0.000044  
0.000000  0.999960  0.000000  0.000040  
0.000000  0.999964  0.000000  0.000036  
0.000000  0.999968  0.000000  0.000032  
0.000000  0.999971  0.000000  0.000029  
0.000000  0.999974  0.000000  0.000026  
0.000000  0.999977  0.000000  0.000023  
■動作3：
学習データ
0.850352 	0.046613 	0.103034 	
0.851392 	0.046439 	0.102170 	
0.852469 	0.046251 	0.101280 	
0.853590 	0.046049 	0.100362 	
0.854764 	0.045829 	0.099407 	
0.856003 	0.045591 	0.098406 	
0.857308 	0.045337 	0.097355 	
0.858682 	0.045067 	0.096251 	
0.860132 	0.044783 	0.095084 	
0.861653 	0.044492 	0.093855 	
0.863228 	0.044197 	0.092575 	
0.864844 	0.043903 	0.091254 	
0.866484 	0.043610 	0.089906 	
0.868129 	0.043323 	0.088547 	
0.869770 	0.043044 	0.087186 	
0.871384 	0.042779 	0.085837 	
0.872949 	0.042535 	0.084517 	
0.874455 	0.042314 	0.083231 	
0.875916 	0.042113 	0.081971 	
0.877333 	0.041928 	0.080739 	
0.878690 	0.041755 	0.079554 	
0.879969 	0.041597 	0.078434 	
0.881152 	0.041459 	0.077389 	
0.882228 	0.041341 	0.076432 	
0.883185 	0.041244 	0.075571 	
0.884023 	0.041171 	0.074805 	
0.884740 	0.041124 	0.074136 	
0.885337 	0.041103 	0.073560 	
0.885834 	0.041102 	0.073064 	
0.886258 	0.041114 	0.072628 	
0.886640 	0.041130 	0.072230 	
0.886999 	0.041141 	0.071860 	
0.887339 	0.041142 	0.071518 	
0.887661 	0.041132 	0.071207 	
0.887969 	0.041107 	0.070924 	
0.888267 	0.041068 	0.070666 	
0.888552 	0.041017 	0.070431 	
0.888825 	0.040958 	0.070217 	
0.889087 	0.040890 	0.070023 	
0.889336 	0.040815 	0.069849 	
0.889566 	0.040734 	0.069699 	
0.889772 	0.040652 	0.069577 	
0.889946 	0.040569 	0.069485 	
0.890087 	0.040486 	0.069427 	
0.890191 	0.040403 	0.069407 	
0.890258 	0.040319 	0.069423 	
0.890289 	0.040237 	0.069475 	
0.890272 	0.040156 	0.069572 	
0.890204 	0.040076 	0.069720 	
0.890085 	0.039997 	0.069918 	
0.889908 	0.039918 	0.070173 	
0.889658 	0.039841 	0.070501 	
0.889347 	0.039761 	0.070893 	
0.889020 	0.039668 	0.071312 	
0.888709 	0.039559 	0.071731 	
0.888418 	0.039441 	0.072140 	
0.888141 	0.039319 	0.072540 	
0.887866 	0.039199 	0.072935 	
0.887584 	0.039083 	0.073333 	
0.887283 	0.038972 	0.073745 	
0.886945 	0.038873 	0.074182 	
0.886550 	0.038798 	0.074652 	
0.886077 	0.038758 	0.075165 	
0.885507 	0.038763 	0.075730 	
0.884833 	0.038820 	0.076347 	
0.884045 	0.038937 	0.077019 	
0.883133 	0.039116 	0.077751 	
0.882092 	0.039367 	0.078541 	
0.880915 	0.039699 	0.079386 	
0.879588 	0.040119 	0.080292 	
0.878119 	0.040625 	0.081256 	
0.876536 	0.041195 	0.082269 	
0.874866 	0.041805 	0.083329 	
0.873131 	0.042437 	0.084431 	
0.871360 	0.043070 	0.085570 	
0.869577 	0.043688 	0.086735 	
0.867801 	0.044284 	0.087915 	
0.866047 	0.044854 	0.089100 	
0.864318 	0.045396 	0.090285 	
0.862614 	0.045919 	0.091468 	
0.860936 	0.046423 	0.092641 	
0.859292 	0.046908 	0.093800 	
0.857697 	0.047367 	0.094936 	
0.856172 	0.047798 	0.096030 	
0.854747 	0.048195 	0.097058 	
0.853451 	0.048550 	0.097999 	
0.852316 	0.048852 	0.098831 	
0.851336 	0.049108 	0.099556 	
0.850464 	0.049337 	0.100200 	
0.849674 	0.049549 	0.100777 	
0.848968 	0.049747 	0.101285 	
0.848353 	0.049928 	0.101719 	
0.847830 	0.050095 	0.102075 	
0.847398 	0.050250 	0.102353 	
0.847048 	0.050396 	0.102556 	
0.846772 	0.050536 	0.102692 	
0.846568 	0.050674 	0.102758 	
0.846426 	0.050811 	0.102763 	
0.846329 	0.050946 	0.102724 	
0.846270 	0.051071 	0.102659 	
0.267153  0.216087  0.271809  0.244952  
0.283293  0.185323  0.293235  0.238149  
0.298263  0.157787  0.314085  0.229866  
0.311946  0.133442  0.334220  0.220391  
0.324273  0.112160  0.353553  0.210015  
0.335205  0.093743  0.372046  0.199006  
0.344738  0.077950  0.389698  0.187614  
0.352889  0.064516  0.406543  0.176052  
0.359687  0.053172  0.422640  0.164501  
0.365169  0.043652  0.438068  0.153111  
0.369381  0.035709  0.452910  0.142000  
0.372369  0.029115  0.467259  0.131257  
0.374180  0.023666  0.481203  0.120951  
0.374851  0.019180  0.494842  0.111127  
0.374403  0.015501  0.508287  0.101809  
0.372850  0.012493  0.521648  0.093010  
0.370211  0.010041  0.535015  0.084734  
0.366511  0.008048  0.548461  0.076980  
0.361786  0.006433  0.562038  0.069743  
0.356079  0.005128  0.575782  0.063012  
0.349437  0.004076  0.589714  0.056773  
0.341913  0.003232  0.603845  0.051010  
0.333563  0.002555  0.618177  0.045704  
0.324448  0.002014  0.632704  0.040834  
0.314631  0.001583  0.647407  0.036378  
0.304184  0.001241  0.662260  0.032314  
0.293188  0.000970  0.677222  0.028620  
0.281730  0.000756  0.692240  0.025274  
0.269903  0.000587  0.707256  0.022254  
0.257803  0.000455  0.722203  0.019539  
0.245530  0.000351  0.737012  0.017107  
0.233182  0.000271  0.751610  0.014938  
0.220857  0.000208  0.765925  0.013010  
0.208642  0.000159  0.779895  0.011304  
0.196616  0.000122  0.793463  0.009798  
0.184852  0.000093  0.806580  0.008475  
0.173410  0.000071  0.819203  0.007316  
0.162340  0.000054  0.831302  0.006304  
0.151686  0.000041  0.842852  0.005422  
0.141475  0.000031  0.853838  0.004656  
0.131730  0.000024  0.864255  0.003992  
0.122459  0.000018  0.874105  0.003418  
0.113666  0.000013  0.883398  0.002923  
0.105348  0.000010  0.892146  0.002496  
0.097496  0.000008  0.900368  0.002128  
0.090100  0.000006  0.908082  0.001813  
0.083145  0.000004  0.915308  0.001542  
0.076620  0.000003  0.922066  0.001310  
0.070513  0.000002  0.928372  0.001112  
0.064817  0.000002  0.934238  0.000943  
0.059523  0.000001  0.939677  0.000799  
0.054615  0.000001  0.944708  0.000676  
0.050076  0.000001  0.949351  0.000572  
0.045889  0.000001  0.953627  0.000483  
0.042033  0.000000  0.957559  0.000409  
0.038487  0.000000  0.961167  0.000345  
0.035233  0.000000  0.964475  0.000292  
0.032250  0.000000  0.967504  0.000246  
0.029518  0.000000  0.970274  0.000208  
0.027019  0.000000  0.972805  0.000176  
0.024735  0.000000  0.975116  0.000148  
0.022649  0.000000  0.977226  0.000125  
0.020743  0.000000  0.979151  0.000106  
0.019004  0.000000  0.980906  0.000090  
0.017418  0.000000  0.982507  0.000076  
0.015970  0.000000  0.983966  0.000064  
0.014650  0.000000  0.985296  0.000054  
0.013446  0.000000  0.986508  0.000046  
0.012349  0.000000  0.987613  0.000039  
0.011348  0.000000  0.988619  0.000033  
0.010437  0.000000  0.989535  0.000028  
0.009607  0.000000  0.990369  0.000024  
0.008851  0.000000  0.991129  0.000020  
0.008165  0.000000  0.991818  0.000017  
0.007541  0.000000  0.992444  0.000015  
0.006977  0.000000  0.993011  0.000012  
0.006467  0.000000  0.993523  0.000011  
0.006006  0.000000  0.993985  0.000009  
0.005590  0.000000  0.994402  0.000008  
0.005215  0.000000  0.994778  0.000007  
0.004878  0.000000  0.995116  0.000006  
0.004575  0.000000  0.995420  0.000005  
0.004303  0.000000  0.995693  0.000004  
0.004057  0.000000  0.995939  0.000004  
0.003837  0.000000  0.996160  0.000003  
0.003639  0.000000  0.996358  0.000003  
0.003462  0.000000  0.996536  0.000002  
0.003303  0.000000  0.996695  0.000002  
0.003160  0.000000  0.996838  0.000002  
0.003033  0.000000  0.996966  0.000002  
0.002918  0.000000  0.997080  0.000001  
0.002816  0.000000  0.997183  0.000001  
0.002723  0.000000  0.997275  0.000001  
0.002641  0.000000  0.997358  0.000001  
0.002566  0.000000  0.997433  0.000001  
0.002499  0.000000  0.997500  0.000001  
0.002439  0.000000  0.997560  0.000001  
0.002385  0.000000  0.997615  0.000001  
0.002336  0.000000  0.997663  0.000001  
0.002293  0.000000  0.997707  0.000001  
■動作4：
学習データ
0.127735 	0.362442 	0.509823 	
0.127180 	0.362799 	0.510021 	
0.126619 	0.363126 	0.510255 	
0.126060 	0.363395 	0.510545 	
0.125509 	0.363590 	0.510902 	
0.124966 	0.363707 	0.511327 	
0.124434 	0.363736 	0.511830 	
0.123911 	0.363659 	0.512430 	
0.123404 	0.363460 	0.513136 	
0.122922 	0.363128 	0.513950 	
0.122477 	0.362654 	0.514868 	
0.122084 	0.362024 	0.515892 	
0.121748 	0.361220 	0.517032 	
0.121478 	0.360222 	0.518299 	
0.121291 	0.359015 	0.519694 	
0.121205 	0.357583 	0.521212 	
0.121240 	0.355907 	0.522853 	
0.121386 	0.354006 	0.524608 	
0.121599 	0.351962 	0.526439 	
0.121847 	0.349843 	0.528310 	
0.122112 	0.347697 	0.530191 	
0.122375 	0.345565 	0.532059 	
0.122622 	0.343477 	0.533901 	
0.122844 	0.341456 	0.535700 	
0.123041 	0.339528 	0.537431 	
0.123218 	0.337711 	0.539071 	
0.123384 	0.336013 	0.540603 	
0.123544 	0.334440 	0.542016 	
0.123698 	0.333005 	0.543298 	
0.123848 	0.331728 	0.544424 	
0.124001 	0.330643 	0.545357 	
0.124153 	0.329783 	0.546064 	
0.124303 	0.329185 	0.546512 	
0.124455 	0.328884 	0.546662 	
0.124612 	0.328926 	0.546462 	
0.124794 	0.329308 	0.545898 	
0.125040 	0.329949 	0.545011 	
0.125369 	0.330777 	0.543854 	
0.125782 	0.331735 	0.542483 	
0.126278 	0.332761 	0.540961 	
0.126845 	0.333805 	0.539350 	
0.127464 	0.334835 	0.537701 	
0.128113 	0.335842 	0.536045 	
0.128773 	0.336834 	0.534393 	
0.129433 	0.337810 	0.532757 	
0.130090 	0.338761 	0.531149 	
0.130742 	0.339684 	0.529575 	
0.131384 	0.340576 	0.528039 	
0.132016 	0.341436 	0.526548 	
0.132634 	0.342257 	0.525109 	
0.133232 	0.343031 	0.523736 	
0.133803 	0.343743 	0.522454 	
0.134341 	0.344386 	0.521273 	
0.134846 	0.344961 	0.520193 	
0.135314 	0.345474 	0.519212 	
0.135739 	0.345925 	0.518336 	
0.136116 	0.346310 	0.517574 	
0.136455 	0.346625 	0.516921 	
0.136774 	0.346872 	0.516354 	
0.137090 	0.347053 	0.515857 	
0.137412 	0.347174 	0.515415 	
0.137735 	0.347251 	0.515014 	
0.138053 	0.347305 	0.514642 	
0.138357 	0.347360 	0.514283 	
0.138637 	0.347436 	0.513927 	
0.138882 	0.347547 	0.513572 	
0.139083 	0.347699 	0.513218 	
0.139237 	0.347893 	0.512869 	
0.139334 	0.348136 	0.512530 	
0.139361 	0.348436 	0.512203 	
0.139320 	0.348794 	0.511886 	
0.139227 	0.349206 	0.511567 	
0.139091 	0.349687 	0.511221 	
0.138916 	0.350249 	0.510836 	
0.138707 	0.350879 	0.510415 	
0.138473 	0.351557 	0.509970 	
0.138221 	0.352274 	0.509506 	
0.137958 	0.353016 	0.509026 	
0.137692 	0.353765 	0.508543 	
0.137425 	0.354498 	0.508077 	
0.137160 	0.355191 	0.507649 	
0.136905 	0.355830 	0.507266 	
0.136661 	0.356396 	0.506943 	
0.136428 	0.356870 	0.506702 	
0.136206 	0.357227 	0.506566 	
0.135998 	0.357440 	0.506562 	
0.135809 	0.357481 	0.506710 	
0.135650 	0.357344 	0.507006 	
0.135535 	0.357047 	0.507418 	
0.135477 	0.356607 	0.507915 	
0.135478 	0.356031 	0.508491 	
0.135540 	0.355323 	0.509137 	
0.135660 	0.354493 	0.509847 	
0.135833 	0.353553 	0.510614 	
0.136048 	0.352514 	0.511438 	
0.136287 	0.351390 	0.512323 	
0.136522 	0.350203 	0.513275 	
0.136723 	0.348977 	0.514301 	
0.136855 	0.347738 	0.515407 	
0.136889 	0.346511 	0.516600 	
0.270382  0.265969  0.168213  0.295436  
0.281622  0.272820  0.109141  0.336417  
0.285416  0.272622  0.068990  0.372972  
0.283751  0.267550  0.042831  0.405868  
0.278330  0.259367  0.026267  0.436036  
0.270427  0.249325  0.015973  0.464275  
0.260924  0.238249  0.009656  0.491172  
0.250417  0.226661  0.005811  0.517111  
0.239308  0.214888  0.003485  0.542319  
0.227872  0.203135  0.002084  0.566908  
0.216307  0.191531  0.001243  0.590919  
0.204758  0.180160  0.000740  0.614342  
0.193336  0.169082  0.000440  0.637143  
0.182129  0.158335  0.000260  0.659275  
0.171211  0.147950  0.000154  0.680685  
0.160638  0.137948  0.000091  0.701323  
0.150451  0.128348  0.000054  0.721148  
0.140682  0.119165  0.000031  0.740121  
0.131352  0.110413  0.000018  0.758217  
0.122474  0.102099  0.000011  0.775416  
0.114055  0.094229  0.000006  0.791710  
0.106094  0.086803  0.000004  0.807100  
0.098586  0.079821  0.000002  0.821591  
0.091522  0.073276  0.000001  0.835201  
0.084890  0.067161  0.000001  0.847949  
0.078673  0.061464  0.000000  0.859862  
0.072856  0.056172  0.000000  0.870971  
0.067420  0.051271  0.000000  0.881309  
0.062345  0.046741  0.000000  0.890913  
0.057614  0.042566  0.000000  0.899820  
0.053206  0.038726  0.000000  0.908068  
0.049105  0.035199  0.000000  0.915695  
0.045292  0.031968  0.000000  0.922740  
0.041750  0.029010  0.000000  0.929240  
0.038462  0.026308  0.000000  0.935231  
0.035412  0.023842  0.000000  0.940746  
0.032587  0.021594  0.000000  0.945819  
0.029971  0.019548  0.000000  0.950482  
0.027551  0.017686  0.000000  0.954763  
0.025315  0.015995  0.000000  0.958691  
0.023251  0.014458  0.000000  0.962291  
0.021348  0.013062  0.000000  0.965590  
0.019595  0.011796  0.000000  0.968609  
0.017982  0.010647  0.000000  0.971371  
0.016498  0.009606  0.000000  0.973896  
0.015134  0.008661  0.000000  0.976205  
0.013881  0.007805  0.000000  0.978313  
0.012731  0.007030  0.000000  0.980239  
0.011675  0.006328  0.000000  0.981996  
0.010707  0.005693  0.000000  0.983600  
0.009819  0.005118  0.000000  0.985063  
0.009005  0.004598  0.000000  0.986397  
0.008259  0.004129  0.000000  0.987613  
0.007575  0.003704  0.000000  0.988720  
0.006949  0.003322  0.000000  0.989730  
0.006375  0.002976  0.000000  0.990649  
0.005849  0.002665  0.000000  0.991486  
0.005368  0.002385  0.000000  0.992248  
0.004926  0.002133  0.000000  0.992941  
0.004522  0.001906  0.000000  0.993572  
0.004152  0.001702  0.000000  0.994146  
0.003814  0.001519  0.000000  0.994668  
0.003503  0.001355  0.000000  0.995142  
0.003219  0.001207  0.000000  0.995574  
0.002958  0.001076  0.000000  0.995966  
0.002718  0.000959  0.000000  0.996323  
0.002498  0.000854  0.000000  0.996648  
0.002295  0.000761  0.000000  0.996944  
0.002108  0.000678  0.000000  0.997214  
0.001935  0.000604  0.000000  0.997460  
0.001776  0.000539  0.000000  0.997685  
0.001628  0.000481  0.000000  0.997891  
0.001492  0.000429  0.000000  0.998079  
0.001366  0.000384  0.000000  0.998250  
0.001250  0.000343  0.000000  0.998407  
0.001142  0.000307  0.000000  0.998550  
0.001043  0.000275  0.000000  0.998681  
0.000952  0.000247  0.000000  0.998801  
0.000868  0.000222  0.000000  0.998911  
0.000790  0.000199  0.000000  0.999011  
0.000718  0.000179  0.000000  0.999103  
0.000653  0.000161  0.000000  0.999186  
0.000593  0.000145  0.000000  0.999262  
0.000537  0.000131  0.000000  0.999332  
0.000487  0.000118  0.000000  0.999395  
0.000441  0.000107  0.000000  0.999452  
0.000399  0.000097  0.000000  0.999504  
0.000361  0.000087  0.000000  0.999551  
0.000327  0.000079  0.000000  0.999594  
0.000296  0.000072  0.000000  0.999633  
0.000267  0.000065  0.000000  0.999668  
0.000242  0.000059  0.000000  0.999699  
0.000219  0.000053  0.000000  0.999728  
0.000198  0.000048  0.000000  0.999754  
0.000179  0.000044  0.000000  0.999777  
0.000162  0.000040  0.000000  0.999798  
0.000147  0.000036  0.000000  0.999817  
0.000133  0.000032  0.000000  0.999835  
0.000120  0.000029  0.000000  0.999850  
0.000109  0.000027  0.000000  0.999864  
動作1：0.999882  0.000000  0.000098  0.000020  
動作2：0.000000  0.999977  0.000000  0.000023  
動作3：0.002293  0.000000  0.997707  0.000001  
動作4：0.000109  0.000027  0.000000  0.999864  
