0.269943  0.266396  0.167156  0.296506  
0.280413  0.273415  0.107667  0.338504  
0.283254  0.273208  0.067525  0.376013  
0.280572  0.268025  0.041581  0.409823  
0.274147  0.259680  0.025288  0.440885  
0.265292  0.249450  0.015249  0.470009  
0.254908  0.238173  0.009139  0.497780  
0.243598  0.226378  0.005453  0.524571  
0.231765  0.214395  0.003242  0.550598  
0.219687  0.202430  0.001922  0.575960  
0.207562  0.190617  0.001136  0.600685  
0.195533  0.179045  0.000670  0.624752  
0.183712  0.167773  0.000394  0.648120  
0.172186  0.156848  0.000232  0.670735  
0.161025  0.146299  0.000136  0.692541  
0.150282  0.136151  0.000079  0.713488  
0.139995  0.126425  0.000046  0.733534  
0.130190  0.117137  0.000027  0.752646  
0.120884  0.108301  0.000016  0.770799  
0.112084  0.099925  0.000009  0.787982  
0.103791  0.092013  0.000005  0.804190  
0.095999  0.084567  0.000003  0.819432  
0.088697  0.077581  0.000002  0.833720  
0.081870  0.071050  0.000001  0.847078  
0.075501  0.064964  0.000001  0.859534  
0.069570  0.059310  0.000000  0.871120  
0.064055  0.054072  0.000000  0.881872  
0.058935  0.049233  0.000000  0.891832  
0.054186  0.044774  0.000000  0.901040  
0.049786  0.040675  0.000000  0.909539  
0.045714  0.036915  0.000000  0.917371  
0.041949  0.033472  0.000000  0.924579  
0.038471  0.030325  0.000000  0.931204  
0.035260  0.027453  0.000000  0.937287  
0.032298  0.024835  0.000000  0.942866  
0.029569  0.022453  0.000000  0.947978  
0.027056  0.020288  0.000000  0.952656  
0.024743  0.018321  0.000000  0.956935  
0.022618  0.016537  0.000000  0.960845  
0.020665  0.014920  0.000000  0.964415  
0.018874  0.013454  0.000000  0.967671  
0.017233  0.012127  0.000000  0.970640  
0.015729  0.010926  0.000000  0.973345  
0.014354  0.009838  0.000000  0.975808  
0.013097  0.008855  0.000000  0.978049  
0.011947  0.007965  0.000000  0.980087  
0.010898  0.007161  0.000000  0.981941  
0.009939  0.006434  0.000000  0.983626  
0.009065  0.005778  0.000000  0.985157  
0.008267  0.005185  0.000000  0.986548  
0.007540  0.004650  0.000000  0.987810  
0.006876  0.004168  0.000000  0.988956  
0.006272  0.003733  0.000000  0.989996  
0.005721  0.003341  0.000000  0.990939  
0.005219  0.002988  0.000000  0.991794  
0.004761  0.002670  0.000000  0.992569  
0.004344  0.002385  0.000000  0.993271  
0.003965  0.002128  0.000000  0.993907  
0.003619  0.001898  0.000000  0.994484  
0.003303  0.001691  0.000000  0.995005  
0.003016  0.001506  0.000000  0.995478  
0.002755  0.001340  0.000000  0.995905  
0.002516  0.001192  0.000000  0.996292  
0.002299  0.001060  0.000000  0.996641  
0.002101  0.000941  0.000000  0.996957  
0.001920  0.000836  0.000000  0.997244  
0.001755  0.000743  0.000000  0.997502  
0.001603  0.000660  0.000000  0.997737  
0.001464  0.000586  0.000000  0.997949  
0.001337  0.000521  0.000000  0.998142  
0.001220  0.000463  0.000000  0.998317  
0.001112  0.000412  0.000000  0.998475  
0.001013  0.000367  0.000000  0.998619  
0.000923  0.000327  0.000000  0.998750  
0.000840  0.000292  0.000000  0.998869  
0.000763  0.000261  0.000000  0.998976  
0.000693  0.000233  0.000000  0.999074  
0.000629  0.000208  0.000000  0.999163  
0.000570  0.000186  0.000000  0.999244  
0.000516  0.000167  0.000000  0.999317  
0.000467  0.000150  0.000000  0.999383  
0.000422  0.000135  0.000000  0.999443  
0.000381  0.000121  0.000000  0.999498  
0.000343  0.000109  0.000000  0.999548  
0.000310  0.000098  0.000000  0.999592  
0.000279  0.000088  0.000000  0.999633  
0.000251  0.000080  0.000000  0.999669  
0.000226  0.000072  0.000000  0.999702  
0.000203  0.000065  0.000000  0.999732  
0.000183  0.000059  0.000000  0.999758  
0.000164  0.000053  0.000000  0.999782  
0.000148  0.000048  0.000000  0.999804  
0.000133  0.000043  0.000000  0.999824  
0.000120  0.000039  0.000000  0.999841  
0.000108  0.000035  0.000000  0.999857  
0.000097  0.000032  0.000000  0.999871  
0.000087  0.000029  0.000000  0.999884  
0.000079  0.000026  0.000000  0.999895  
0.000071  0.000024  0.000000  0.999905  
0.000064  0.000021  0.000000  0.999915  
