■動作1：
学習データ
0.760237 	0.043880 	0.195883 	
0.763287 	0.043397 	0.193316 	
0.766479 	0.042923 	0.190598 	
0.769749 	0.042468 	0.187783 	
0.773035 	0.042041 	0.184924 	
0.776286 	0.041646 	0.182068 	
0.779460 	0.041285 	0.179255 	
0.782528 	0.040958 	0.176514 	
0.785478 	0.040667 	0.173856 	
0.788305 	0.040405 	0.171290 	
0.791012 	0.040166 	0.168823 	
0.793596 	0.039940 	0.166464 	
0.796034 	0.039725 	0.164241 	
0.798297 	0.039517 	0.162186 	
0.800359 	0.039316 	0.160325 	
0.802183 	0.039123 	0.158694 	
0.803732 	0.038933 	0.157336 	
0.805046 	0.038739 	0.156215 	
0.806240 	0.038524 	0.155236 	
0.807370 	0.038280 	0.154350 	
0.808431 	0.038007 	0.153562 	
0.809418 	0.037707 	0.152875 	
0.810324 	0.037384 	0.152292 	
0.811140 	0.037040 	0.151820 	
0.811867 	0.036676 	0.151457 	
0.812511 	0.036298 	0.151191 	
0.813080 	0.035911 	0.151009 	
0.813586 	0.035517 	0.150898 	
0.814039 	0.035121 	0.150841 	
0.814445 	0.034729 	0.150827 	
0.814798 	0.034348 	0.150854 	
0.815091 	0.033986 	0.150922 	
0.815323 	0.033649 	0.151027 	
0.815491 	0.033343 	0.151167 	
0.815592 	0.033072 	0.151336 	
0.815641 	0.032840 	0.151519 	
0.815664 	0.032649 	0.151688 	
0.815684 	0.032498 	0.151818 	
0.815710 	0.032389 	0.151901 	
0.815741 	0.032319 	0.151940 	
0.815778 	0.032285 	0.151937 	
0.815823 	0.032283 	0.151894 	
0.815871 	0.032311 	0.151818 	
0.815912 	0.032368 	0.151721 	
0.815939 	0.032446 	0.151615 	
0.815952 	0.032540 	0.151508 	
0.815951 	0.032648 	0.151401 	
0.815939 	0.032767 	0.151294 	
0.815917 	0.032897 	0.151187 	
0.815884 	0.033037 	0.151079 	
0.815844 	0.033187 	0.150969 	
0.815797 	0.033347 	0.150856 	
0.815741 	0.033513 	0.150746 	
0.815668 	0.033684 	0.150649 	
0.815571 	0.033855 	0.150574 	
0.815447 	0.034025 	0.150529 	
0.815289 	0.034189 	0.150522 	
0.815090 	0.034345 	0.150566 	
0.814844 	0.034491 	0.150665 	
0.814544 	0.034628 	0.150828 	
0.814183 	0.034755 	0.151061 	
0.813762 	0.034876 	0.151362 	
0.813268 	0.034995 	0.151737 	
0.812683 	0.035119 	0.152198 	
0.811997 	0.035254 	0.152750 	
0.811210 	0.035400 	0.153390 	
0.810326 	0.035557 	0.154118 	
0.809345 	0.035724 	0.154931 	
0.808266 	0.035904 	0.155830 	
0.807084 	0.036094 	0.156822 	
0.805799 	0.036297 	0.157905 	
0.804421 	0.036508 	0.159070 	
0.802967 	0.036725 	0.160308 	
0.801451 	0.036943 	0.161605 	
0.799892 	0.037160 	0.162947 	
0.798314 	0.037374 	0.164312 	
0.796737 	0.037582 	0.165681 	
0.795173 	0.037783 	0.167044 	
0.793625 	0.037975 	0.168400 	
0.792101 	0.038160 	0.169739 	
0.790615 	0.038342 	0.171043 	
0.789183 	0.038523 	0.172294 	
0.787832 	0.038701 	0.173467 	
0.786593 	0.038871 	0.174535 	
0.785503 	0.039032 	0.175465 	
0.784598 	0.039179 	0.176223 	
0.783917 	0.039311 	0.176772 	
0.783430 	0.039433 	0.177138 	
0.783021 	0.039560 	0.177419 	
0.782618 	0.039699 	0.177682 	
0.782210 	0.039851 	0.177939 	
0.781802 	0.040011 	0.178187 	
0.781413 	0.040178 	0.178409 	
0.781062 	0.040349 	0.178588 	
0.780760 	0.040524 	0.178716 	
0.780504 	0.040699 	0.178796 	
0.780284 	0.040875 	0.178842 	
0.780080 	0.041050 	0.178870 	
0.779872 	0.041226 	0.178902 	
0.779646 	0.041401 	0.178954 	
0.281193  0.220549  0.247113  0.251145  
0.313954  0.193118  0.242503  0.250425  
0.347989  0.167853  0.236282  0.247876  
0.382966  0.144839  0.228608  0.243588  
0.418529  0.124098  0.219679  0.237694  
0.454313  0.105602  0.209721  0.230365  
0.489953  0.089272  0.198975  0.221801  
0.525104  0.074995  0.187681  0.212220  
0.559454  0.062627  0.176069  0.201850  
0.592734  0.052007  0.164343  0.190916  
0.624723  0.042963  0.152682  0.179632  
0.655245  0.035320  0.141239  0.168197  
0.684169  0.028906  0.130142  0.156783  
0.711394  0.023560  0.119506  0.145540  
0.736843  0.019131  0.109435  0.134591  
0.760475  0.015482  0.100005  0.124038  
0.782297  0.012491  0.091256  0.113956  
0.802347  0.010051  0.083200  0.104402  
0.820693  0.008069  0.075827  0.095412  
0.837421  0.006464  0.069110  0.087006  
0.852630  0.005169  0.063013  0.079188  
0.866426  0.004127  0.057495  0.071952  
0.878918  0.003291  0.052511  0.065281  
0.890211  0.002621  0.048015  0.059153  
0.900409  0.002086  0.043964  0.053541  
0.909610  0.001658  0.040316  0.048415  
0.917908  0.001317  0.037031  0.043744  
0.925388  0.001046  0.034069  0.039496  
0.932134  0.000830  0.031397  0.035639  
0.938220  0.000659  0.028981  0.032141  
0.943713  0.000522  0.026792  0.028973  
0.948675  0.000414  0.024804  0.026107  
0.953162  0.000328  0.022994  0.023516  
0.957223  0.000260  0.021341  0.021176  
0.960902  0.000206  0.019829  0.019063  
0.964238  0.000163  0.018442  0.017157  
0.967268  0.000129  0.017166  0.015437  
0.970022  0.000102  0.015989  0.013887  
0.972529  0.000081  0.014900  0.012490  
0.974813  0.000064  0.013892  0.011231  
0.976897  0.000051  0.012955  0.010098  
0.978799  0.000040  0.012084  0.009076  
0.980539  0.000032  0.011273  0.008157  
0.982131  0.000025  0.010516  0.007328  
0.983588  0.000020  0.009809  0.006583  
0.984924  0.000016  0.009148  0.005912  
0.986149  0.000012  0.008530  0.005309  
0.987272  0.000010  0.007952  0.004766  
0.988303  0.000008  0.007412  0.004277  
0.989249  0.000006  0.006906  0.003838  
0.990118  0.000005  0.006434  0.003444  
0.990915  0.000004  0.005992  0.003089  
0.991646  0.000003  0.005580  0.002771  
0.992318  0.000002  0.005194  0.002485  
0.992935  0.000002  0.004835  0.002228  
0.993502  0.000001  0.004499  0.001998  
0.994023  0.000001  0.004185  0.001791  
0.994501  0.000001  0.003893  0.001605  
0.994940  0.000001  0.003620  0.001439  
0.995343  0.000001  0.003366  0.001290  
0.995714  0.000000  0.003130  0.001156  
0.996053  0.000000  0.002910  0.001036  
0.996365  0.000000  0.002706  0.000928  
0.996650  0.000000  0.002517  0.000832  
0.996912  0.000000  0.002342  0.000746  
0.997152  0.000000  0.002179  0.000669  
0.997372  0.000000  0.002028  0.000600  
0.997574  0.000000  0.001888  0.000538  
0.997760  0.000000  0.001757  0.000483  
0.997932  0.000000  0.001635  0.000433  
0.998089  0.000000  0.001522  0.000388  
0.998235  0.000000  0.001416  0.000349  
0.998369  0.000000  0.001318  0.000313  
0.998494  0.000000  0.001225  0.000281  
0.998609  0.000000  0.001139  0.000252  
0.998716  0.000000  0.001058  0.000226  
0.998815  0.000000  0.000981  0.000203  
0.998908  0.000000  0.000910  0.000183  
0.998994  0.000000  0.000842  0.000164  
0.999074  0.000000  0.000778  0.000147  
0.999150  0.000000  0.000718  0.000132  
0.999220  0.000000  0.000662  0.000119  
0.999285  0.000000  0.000608  0.000106  
0.999347  0.000000  0.000558  0.000096  
0.999404  0.000000  0.000510  0.000086  
0.999458  0.000000  0.000465  0.000077  
0.999509  0.000000  0.000422  0.000069  
0.999556  0.000000  0.000382  0.000062  
0.999601  0.000000  0.000344  0.000055  
0.999642  0.000000  0.000309  0.000049  
0.999681  0.000000  0.000275  0.000044  
0.999716  0.000000  0.000244  0.000040  
0.999749  0.000000  0.000216  0.000035  
0.999779  0.000000  0.000190  0.000032  
0.999806  0.000000  0.000166  0.000028  
0.999831  0.000000  0.000144  0.000025  
0.999853  0.000000  0.000124  0.000022  
0.999873  0.000000  0.000107  0.000020  
0.999891  0.000000  0.000091  0.000018  
0.999907  0.000000  0.000078  0.000016  
■動作2：
学習データ
0.058128 	0.757477 	0.184396 	
0.058194 	0.757511 	0.184295 	
0.058244 	0.757649 	0.184107 	
0.058275 	0.757886 	0.183838 	
0.058291 	0.758205 	0.183504 	
0.058296 	0.758577 	0.183127 	
0.058297 	0.758977 	0.182726 	
0.058293 	0.759399 	0.182308 	
0.058286 	0.759839 	0.181875 	
0.058280 	0.760289 	0.181431 	
0.058276 	0.760750 	0.180973 	
0.058278 	0.761224 	0.180498 	
0.058285 	0.761711 	0.180004 	
0.058297 	0.762209 	0.179494 	
0.058315 	0.762715 	0.178969 	
0.058342 	0.763224 	0.178434 	
0.058381 	0.763726 	0.177893 	
0.058445 	0.764176 	0.177379 	
0.058553 	0.764489 	0.176958 	
0.058713 	0.764621 	0.176666 	
0.058924 	0.764566 	0.176510 	
0.059181 	0.764319 	0.176500 	
0.059482 	0.763880 	0.176638 	
0.059821 	0.763253 	0.176926 	
0.060192 	0.762446 	0.177361 	
0.060587 	0.761473 	0.177940 	
0.060996 	0.760351 	0.178653 	
0.061409 	0.759105 	0.179486 	
0.061814 	0.757764 	0.180422 	
0.062201 	0.756364 	0.181435 	
0.062563 	0.754936 	0.182502 	
0.062892 	0.753502 	0.183606 	
0.063184 	0.752083 	0.184732 	
0.063433 	0.750695 	0.185872 	
0.063630 	0.749355 	0.187015 	
0.063777 	0.748078 	0.188146 	
0.063882 	0.746875 	0.189242 	
0.063957 	0.745758 	0.190285 	
0.064002 	0.744738 	0.191260 	
0.064020 	0.743822 	0.192158 	
0.064015 	0.743007 	0.192978 	
0.063988 	0.742285 	0.193727 	
0.063942 	0.741650 	0.194409 	
0.063877 	0.741096 	0.195027 	
0.063793 	0.740621 	0.195585 	
0.063689 	0.740221 	0.196090 	
0.063564 	0.739894 	0.196542 	
0.063416 	0.739651 	0.196933 	
0.063243 	0.739502 	0.197255 	
0.063044 	0.739456 	0.197500 	
0.062819 	0.739520 	0.197661 	
0.062569 	0.739707 	0.197725 	
0.062291 	0.739994 	0.197715 	
0.061989 	0.740319 	0.197693 	
0.061662 	0.740650 	0.197688 	
0.061308 	0.740999 	0.197694 	
0.060926 	0.741376 	0.197698 	
0.060516 	0.741796 	0.197688 	
0.060074 	0.742277 	0.197649 	
0.059599 	0.742832 	0.197570 	
0.059089 	0.743466 	0.197445 	
0.058547 	0.744193 	0.197260 	
0.057977 	0.745025 	0.196998 	
0.057382 	0.745961 	0.196657 	
0.056767 	0.746992 	0.196241 	
0.056136 	0.748115 	0.195749 	
0.055494 	0.749326 	0.195179 	
0.054845 	0.750625 	0.194530 	
0.054193 	0.752012 	0.193796 	
0.053544 	0.753491 	0.192965 	
0.052901 	0.755062 	0.192037 	
0.052256 	0.756721 	0.191023 	
0.051612 	0.758456 	0.189932 	
0.050977 	0.760250 	0.188773 	
0.050357 	0.762079 	0.187563 	
0.049757 	0.763928 	0.186316 	
0.049175 	0.765785 	0.185040 	
0.048614 	0.767641 	0.183745 	
0.048074 	0.769488 	0.182437 	
0.047552 	0.771320 	0.181129 	
0.047045 	0.773126 	0.179829 	
0.046555 	0.774899 	0.178547 	
0.046082 	0.776619 	0.177299 	
0.045630 	0.778264 	0.176106 	
0.045202 	0.779803 	0.174995 	
0.044800 	0.781210 	0.173990 	
0.044428 	0.782456 	0.173116 	
0.044086 	0.783548 	0.172366 	
0.043770 	0.784535 	0.171694 	
0.043482 	0.785458 	0.171061 	
0.043224 	0.786334 	0.170442 	
0.042998 	0.787188 	0.169815 	
0.042804 	0.788042 	0.169154 	
0.042646 	0.788912 	0.168443 	
0.042523 	0.789799 	0.167678 	
0.042434 	0.790705 	0.166860 	
0.042379 	0.791628 	0.165993 	
0.042356 	0.792562 	0.165081 	
0.042363 	0.793497 	0.164140 	
0.042391 	0.794418 	0.163191 	
0.204415  0.320118  0.193758  0.281709  
0.160102  0.392250  0.143706  0.303941  
0.120594  0.461766  0.102405  0.315235  
0.087883  0.525403  0.070535  0.316180  
0.062374  0.581635  0.047272  0.308719  
0.043380  0.630346  0.031019  0.295255  
0.029718  0.672235  0.020031  0.278016  
0.020133  0.708310  0.012782  0.258775  
0.013529  0.739580  0.008084  0.238807  
0.009037  0.766916  0.005079  0.218969  
0.006010  0.791012  0.003174  0.199804  
0.003984  0.812404  0.001976  0.181637  
0.002635  0.831497  0.001226  0.164643  
0.001740  0.848601  0.000759  0.148901  
0.001147  0.863952  0.000468  0.134432  
0.000756  0.877744  0.000289  0.121211  
0.000498  0.890138  0.000178  0.109186  
0.000329  0.901273  0.000109  0.098289  
0.000217  0.911274  0.000067  0.088442  
0.000143  0.920253  0.000041  0.079562  
0.000094  0.928311  0.000025  0.071569  
0.000062  0.935539  0.000015  0.064383  
0.000041  0.942021  0.000009  0.057929  
0.000027  0.947831  0.000006  0.052136  
0.000018  0.953039  0.000004  0.046939  
0.000012  0.957707  0.000002  0.042278  
0.000008  0.961892  0.000001  0.038098  
0.000005  0.965644  0.000001  0.034350  
0.000004  0.969010  0.000000  0.030986  
0.000002  0.972031  0.000000  0.027966  
0.000002  0.974744  0.000000  0.025254  
0.000001  0.977183  0.000000  0.022816  
0.000001  0.979376  0.000000  0.020623  
0.000000  0.981350  0.000000  0.018649  
0.000000  0.983128  0.000000  0.016871  
0.000000  0.984731  0.000000  0.015269  
0.000000  0.986176  0.000000  0.013824  
0.000000  0.987481  0.000000  0.012519  
0.000000  0.988659  0.000000  0.011341  
0.000000  0.989724  0.000000  0.010276  
0.000000  0.990687  0.000000  0.009313  
0.000000  0.991559  0.000000  0.008441  
0.000000  0.992348  0.000000  0.007652  
0.000000  0.993062  0.000000  0.006938  
0.000000  0.993709  0.000000  0.006291  
0.000000  0.994295  0.000000  0.005705  
0.000000  0.994827  0.000000  0.005173  
0.000000  0.995308  0.000000  0.004692  
0.000000  0.995744  0.000000  0.004256  
0.000000  0.996140  0.000000  0.003860  
0.000000  0.996498  0.000000  0.003502  
0.000000  0.996824  0.000000  0.003176  
0.000000  0.997120  0.000000  0.002880  
0.000000  0.997389  0.000000  0.002611  
0.000000  0.997633  0.000000  0.002367  
0.000000  0.997855  0.000000  0.002145  
0.000000  0.998057  0.000000  0.001943  
0.000000  0.998241  0.000000  0.001759  
0.000000  0.998407  0.000000  0.001593  
0.000000  0.998559  0.000000  0.001441  
0.000000  0.998697  0.000000  0.001303  
0.000000  0.998822  0.000000  0.001178  
0.000000  0.998936  0.000000  0.001064  
0.000000  0.999040  0.000000  0.000960  
0.000000  0.999134  0.000000  0.000866  
0.000000  0.999219  0.000000  0.000781  
0.000000  0.999297  0.000000  0.000703  
0.000000  0.999367  0.000000  0.000633  
0.000000  0.999431  0.000000  0.000569  
0.000000  0.999489  0.000000  0.000511  
0.000000  0.999541  0.000000  0.000459  
0.000000  0.999588  0.000000  0.000412  
0.000000  0.999631  0.000000  0.000369  
0.000000  0.999669  0.000000  0.000331  
0.000000  0.999704  0.000000  0.000296  
0.000000  0.999735  0.000000  0.000265  
0.000000  0.999763  0.000000  0.000237  
0.000000  0.999788  0.000000  0.000212  
0.000000  0.999811  0.000000  0.000189  
0.000000  0.999831  0.000000  0.000169  
0.000000  0.999849  0.000000  0.000151  
0.000000  0.999865  0.000000  0.000135  
0.000000  0.999879  0.000000  0.000121  
0.000000  0.999892  0.000000  0.000108  
0.000000  0.999903  0.000000  0.000097  
0.000000  0.999913  0.000000  0.000087  
0.000000  0.999923  0.000000  0.000077  
0.000000  0.999931  0.000000  0.000069  
0.000000  0.999938  0.000000  0.000062  
0.000000  0.999944  0.000000  0.000056  
0.000000  0.999950  0.000000  0.000050  
0.000000  0.999955  0.000000  0.000045  
0.000000  0.999960  0.000000  0.000040  
0.000000  0.999964  0.000000  0.000036  
0.000000  0.999968  0.000000  0.000032  
0.000000  0.999971  0.000000  0.000029  
0.000000  0.999974  0.000000  0.000026  
0.000000  0.999977  0.000000  0.000023  
0.000000  0.999979  0.000000  0.000021  
0.000000  0.999981  0.000000  0.000019  
■動作3：
学習データ
0.850352 	0.046613 	0.103034 	
0.851392 	0.046439 	0.102170 	
0.852469 	0.046251 	0.101280 	
0.853590 	0.046049 	0.100362 	
0.854764 	0.045829 	0.099407 	
0.856003 	0.045591 	0.098406 	
0.857308 	0.045337 	0.097355 	
0.858682 	0.045067 	0.096251 	
0.860132 	0.044783 	0.095084 	
0.861653 	0.044492 	0.093855 	
0.863228 	0.044197 	0.092575 	
0.864844 	0.043903 	0.091254 	
0.866484 	0.043610 	0.089906 	
0.868129 	0.043323 	0.088547 	
0.869770 	0.043044 	0.087186 	
0.871384 	0.042779 	0.085837 	
0.872949 	0.042535 	0.084517 	
0.874455 	0.042314 	0.083231 	
0.875916 	0.042113 	0.081971 	
0.877333 	0.041928 	0.080739 	
0.878690 	0.041755 	0.079554 	
0.879969 	0.041597 	0.078434 	
0.881152 	0.041459 	0.077389 	
0.882228 	0.041341 	0.076432 	
0.883185 	0.041244 	0.075571 	
0.884023 	0.041171 	0.074805 	
0.884740 	0.041124 	0.074136 	
0.885337 	0.041103 	0.073560 	
0.885834 	0.041102 	0.073064 	
0.886258 	0.041114 	0.072628 	
0.886640 	0.041130 	0.072230 	
0.886999 	0.041141 	0.071860 	
0.887339 	0.041142 	0.071518 	
0.887661 	0.041132 	0.071207 	
0.887969 	0.041107 	0.070924 	
0.888267 	0.041068 	0.070666 	
0.888552 	0.041017 	0.070431 	
0.888825 	0.040958 	0.070217 	
0.889087 	0.040890 	0.070023 	
0.889336 	0.040815 	0.069849 	
0.889566 	0.040734 	0.069699 	
0.889772 	0.040652 	0.069577 	
0.889946 	0.040569 	0.069485 	
0.890087 	0.040486 	0.069427 	
0.890191 	0.040403 	0.069407 	
0.890258 	0.040319 	0.069423 	
0.890289 	0.040237 	0.069475 	
0.890272 	0.040156 	0.069572 	
0.890204 	0.040076 	0.069720 	
0.890085 	0.039997 	0.069918 	
0.889908 	0.039918 	0.070173 	
0.889658 	0.039841 	0.070501 	
0.889347 	0.039761 	0.070893 	
0.889020 	0.039668 	0.071312 	
0.888709 	0.039559 	0.071731 	
0.888418 	0.039441 	0.072140 	
0.888141 	0.039319 	0.072540 	
0.887866 	0.039199 	0.072935 	
0.887584 	0.039083 	0.073333 	
0.887283 	0.038972 	0.073745 	
0.886945 	0.038873 	0.074182 	
0.886550 	0.038798 	0.074652 	
0.886077 	0.038758 	0.075165 	
0.885507 	0.038763 	0.075730 	
0.884833 	0.038820 	0.076347 	
0.884045 	0.038937 	0.077019 	
0.883133 	0.039116 	0.077751 	
0.882092 	0.039367 	0.078541 	
0.880915 	0.039699 	0.079386 	
0.879588 	0.040119 	0.080292 	
0.878119 	0.040625 	0.081256 	
0.876536 	0.041195 	0.082269 	
0.874866 	0.041805 	0.083329 	
0.873131 	0.042437 	0.084431 	
0.871360 	0.043070 	0.085570 	
0.869577 	0.043688 	0.086735 	
0.867801 	0.044284 	0.087915 	
0.866047 	0.044854 	0.089100 	
0.864318 	0.045396 	0.090285 	
0.862614 	0.045919 	0.091468 	
0.860936 	0.046423 	0.092641 	
0.859292 	0.046908 	0.093800 	
0.857697 	0.047367 	0.094936 	
0.856172 	0.047798 	0.096030 	
0.854747 	0.048195 	0.097058 	
0.853451 	0.048550 	0.097999 	
0.852316 	0.048852 	0.098831 	
0.851336 	0.049108 	0.099556 	
0.850464 	0.049337 	0.100200 	
0.849674 	0.049549 	0.100777 	
0.848968 	0.049747 	0.101285 	
0.848353 	0.049928 	0.101719 	
0.847830 	0.050095 	0.102075 	
0.847398 	0.050250 	0.102353 	
0.847048 	0.050396 	0.102556 	
0.846772 	0.050536 	0.102692 	
0.846568 	0.050674 	0.102758 	
0.846426 	0.050811 	0.102763 	
0.846329 	0.050946 	0.102724 	
0.846270 	0.051071 	0.102659 	
0.266627  0.217314  0.271553  0.244506  
0.282299  0.187513  0.292805  0.237384  
0.296862  0.160682  0.313570  0.228886  
0.310200  0.136806  0.333710  0.219284  
0.322236  0.115789  0.353131  0.208845  
0.332924  0.097466  0.371788  0.197822  
0.342251  0.081633  0.389671  0.186446  
0.350220  0.068059  0.406800  0.174921  
0.356852  0.056504  0.423225  0.163419  
0.362175  0.046729  0.439013  0.152082  
0.366227  0.038508  0.454242  0.141023  
0.369049  0.031627  0.468992  0.130332  
0.370682  0.025895  0.483350  0.120073  
0.371160  0.021140  0.497408  0.110292  
0.370502  0.017208  0.511276  0.101014  
0.368722  0.013967  0.525061  0.092250  
0.365837  0.011305  0.538850  0.084007  
0.361875  0.009125  0.552716  0.076283  
0.356873  0.007345  0.566709  0.069074  
0.350875  0.005895  0.580860  0.062369  
0.343934  0.004718  0.595191  0.056156  
0.336106  0.003766  0.609710  0.050418  
0.327450  0.002997  0.624416  0.045136  
0.318032  0.002378  0.639299  0.040291  
0.307920  0.001882  0.654339  0.035859  
0.297191  0.001484  0.669505  0.031819  
0.285930  0.001167  0.684753  0.028150  
0.274228  0.000915  0.700028  0.024828  
0.262184  0.000715  0.715267  0.021833  
0.249897  0.000558  0.730402  0.019143  
0.237469  0.000433  0.745362  0.016736  
0.225002  0.000336  0.760070  0.014592  
0.212594  0.000260  0.774457  0.012689  
0.200333  0.000200  0.788460  0.011007  
0.188300  0.000154  0.802021  0.009525  
0.176564  0.000118  0.815093  0.008225  
0.165185  0.000091  0.827637  0.007087  
0.154212  0.000069  0.839623  0.006096  
0.143684  0.000053  0.851030  0.005233  
0.133628  0.000040  0.861846  0.004486  
0.124061  0.000031  0.872069  0.003839  
0.114991  0.000023  0.881705  0.003281  
0.106418  0.000018  0.890765  0.002800  
0.098334  0.000013  0.899266  0.002386  
0.090730  0.000010  0.907228  0.002031  
0.083592  0.000008  0.914674  0.001727  
0.076903  0.000006  0.921625  0.001466  
0.070649  0.000004  0.928104  0.001243  
0.064816  0.000003  0.934128  0.001053  
0.059395  0.000002  0.939712  0.000891  
0.054373  0.000002  0.944872  0.000753  
0.049733  0.000001  0.949629  0.000636  
0.045458  0.000001  0.954003  0.000537  
0.041527  0.000001  0.958019  0.000453  
0.037919  0.000001  0.961698  0.000383  
0.034614  0.000000  0.965063  0.000323  
0.031589  0.000000  0.968138  0.000272  
0.028826  0.000000  0.970944  0.000229  
0.026304  0.000000  0.973502  0.000193  
0.024004  0.000000  0.975832  0.000163  
0.021909  0.000000  0.977953  0.000137  
0.020001  0.000000  0.979883  0.000116  
0.018265  0.000000  0.981638  0.000098  
0.016684  0.000000  0.983233  0.000082  
0.015247  0.000000  0.984684  0.000070  
0.013939  0.000000  0.986002  0.000059  
0.012750  0.000000  0.987200  0.000050  
0.011669  0.000000  0.988289  0.000042  
0.010687  0.000000  0.989278  0.000035  
0.009794  0.000000  0.990176  0.000030  
0.008983  0.000000  0.990992  0.000025  
0.008246  0.000000  0.991733  0.000022  
0.007577  0.000000  0.992405  0.000018  
0.006970  0.000000  0.993014  0.000015  
0.006422  0.000000  0.993565  0.000013  
0.005926  0.000000  0.994063  0.000011  
0.005479  0.000000  0.994512  0.000010  
0.005076  0.000000  0.994916  0.000008  
0.004713  0.000000  0.995280  0.000007  
0.004387  0.000000  0.995607  0.000006  
0.004095  0.000000  0.995900  0.000005  
0.003832  0.000000  0.996164  0.000004  
0.003596  0.000000  0.996400  0.000004  
0.003384  0.000000  0.996613  0.000003  
0.003194  0.000000  0.996803  0.000003  
0.003024  0.000000  0.996974  0.000002  
0.002871  0.000000  0.997126  0.000002  
0.002735  0.000000  0.997263  0.000002  
0.002613  0.000000  0.997386  0.000002  
0.002503  0.000000  0.997495  0.000001  
0.002405  0.000000  0.997594  0.000001  
0.002317  0.000000  0.997682  0.000001  
0.002238  0.000000  0.997761  0.000001  
0.002167  0.000000  0.997832  0.000001  
0.002104  0.000000  0.997896  0.000001  
0.002046  0.000000  0.997953  0.000001  
0.001995  0.000000  0.998005  0.000001  
0.001948  0.000000  0.998051  0.000001  
0.001907  0.000000  0.998093  0.000001  
0.001869  0.000000  0.998130  0.000000  
■動作4：
学習データ
0.127735 	0.362442 	0.509823 	
0.127180 	0.362799 	0.510021 	
0.126619 	0.363126 	0.510255 	
0.126060 	0.363395 	0.510545 	
0.125509 	0.363590 	0.510902 	
0.124966 	0.363707 	0.511327 	
0.124434 	0.363736 	0.511830 	
0.123911 	0.363659 	0.512430 	
0.123404 	0.363460 	0.513136 	
0.122922 	0.363128 	0.513950 	
0.122477 	0.362654 	0.514868 	
0.122084 	0.362024 	0.515892 	
0.121748 	0.361220 	0.517032 	
0.121478 	0.360222 	0.518299 	
0.121291 	0.359015 	0.519694 	
0.121205 	0.357583 	0.521212 	
0.121240 	0.355907 	0.522853 	
0.121386 	0.354006 	0.524608 	
0.121599 	0.351962 	0.526439 	
0.121847 	0.349843 	0.528310 	
0.122112 	0.347697 	0.530191 	
0.122375 	0.345565 	0.532059 	
0.122622 	0.343477 	0.533901 	
0.122844 	0.341456 	0.535700 	
0.123041 	0.339528 	0.537431 	
0.123218 	0.337711 	0.539071 	
0.123384 	0.336013 	0.540603 	
0.123544 	0.334440 	0.542016 	
0.123698 	0.333005 	0.543298 	
0.123848 	0.331728 	0.544424 	
0.124001 	0.330643 	0.545357 	
0.124153 	0.329783 	0.546064 	
0.124303 	0.329185 	0.546512 	
0.124455 	0.328884 	0.546662 	
0.124612 	0.328926 	0.546462 	
0.124794 	0.329308 	0.545898 	
0.125040 	0.329949 	0.545011 	
0.125369 	0.330777 	0.543854 	
0.125782 	0.331735 	0.542483 	
0.126278 	0.332761 	0.540961 	
0.126845 	0.333805 	0.539350 	
0.127464 	0.334835 	0.537701 	
0.128113 	0.335842 	0.536045 	
0.128773 	0.336834 	0.534393 	
0.129433 	0.337810 	0.532757 	
0.130090 	0.338761 	0.531149 	
0.130742 	0.339684 	0.529575 	
0.131384 	0.340576 	0.528039 	
0.132016 	0.341436 	0.526548 	
0.132634 	0.342257 	0.525109 	
0.133232 	0.343031 	0.523736 	
0.133803 	0.343743 	0.522454 	
0.134341 	0.344386 	0.521273 	
0.134846 	0.344961 	0.520193 	
0.135314 	0.345474 	0.519212 	
0.135739 	0.345925 	0.518336 	
0.136116 	0.346310 	0.517574 	
0.136455 	0.346625 	0.516921 	
0.136774 	0.346872 	0.516354 	
0.137090 	0.347053 	0.515857 	
0.137412 	0.347174 	0.515415 	
0.137735 	0.347251 	0.515014 	
0.138053 	0.347305 	0.514642 	
0.138357 	0.347360 	0.514283 	
0.138637 	0.347436 	0.513927 	
0.138882 	0.347547 	0.513572 	
0.139083 	0.347699 	0.513218 	
0.139237 	0.347893 	0.512869 	
0.139334 	0.348136 	0.512530 	
0.139361 	0.348436 	0.512203 	
0.139320 	0.348794 	0.511886 	
0.139227 	0.349206 	0.511567 	
0.139091 	0.349687 	0.511221 	
0.138916 	0.350249 	0.510836 	
0.138707 	0.350879 	0.510415 	
0.138473 	0.351557 	0.509970 	
0.138221 	0.352274 	0.509506 	
0.137958 	0.353016 	0.509026 	
0.137692 	0.353765 	0.508543 	
0.137425 	0.354498 	0.508077 	
0.137160 	0.355191 	0.507649 	
0.136905 	0.355830 	0.507266 	
0.136661 	0.356396 	0.506943 	
0.136428 	0.356870 	0.506702 	
0.136206 	0.357227 	0.506566 	
0.135998 	0.357440 	0.506562 	
0.135809 	0.357481 	0.506710 	
0.135650 	0.357344 	0.507006 	
0.135535 	0.357047 	0.507418 	
0.135477 	0.356607 	0.507915 	
0.135478 	0.356031 	0.508491 	
0.135540 	0.355323 	0.509137 	
0.135660 	0.354493 	0.509847 	
0.135833 	0.353553 	0.510614 	
0.136048 	0.352514 	0.511438 	
0.136287 	0.351390 	0.512323 	
0.136522 	0.350203 	0.513275 	
0.136723 	0.348977 	0.514301 	
0.136855 	0.347738 	0.515407 	
0.136889 	0.346511 	0.516600 	
0.270706  0.266300  0.166599  0.296395  
0.281882  0.273103  0.106907  0.338108  
0.285373  0.272634  0.066785  0.375208  
0.283294  0.267202  0.040963  0.408541  
0.277437  0.258647  0.024816  0.439100  
0.269114  0.248257  0.014907  0.467722  
0.259224  0.236869  0.008902  0.495005  
0.248366  0.225006  0.005293  0.521335  
0.236940  0.212993  0.003136  0.546931  
0.225221  0.201030  0.001853  0.571896  
0.213405  0.189242  0.001092  0.596261  
0.201634  0.177715  0.000642  0.620009  
0.190021  0.166503  0.000377  0.643099  
0.178653  0.155648  0.000221  0.665478  
0.167602  0.145177  0.000129  0.687092  
0.156924  0.135112  0.000075  0.707889  
0.146660  0.125470  0.000044  0.727827  
0.136840  0.116266  0.000025  0.746869  
0.127483  0.107512  0.000015  0.764990  
0.118601  0.099215  0.000008  0.782175  
0.110199  0.091379  0.000005  0.798417  
0.102274  0.084002  0.000003  0.813721  
0.094819  0.077082  0.000002  0.828098  
0.087822  0.070611  0.000001  0.841566  
0.081270  0.064579  0.000001  0.854150  
0.075145  0.058974  0.000000  0.865881  
0.069428  0.053780  0.000000  0.876792  
0.064099  0.048980  0.000000  0.886920  
0.059138  0.044556  0.000000  0.896306  
0.054524  0.040488  0.000000  0.904988  
0.050238  0.036755  0.000000  0.913007  
0.046259  0.033335  0.000000  0.920405  
0.042570  0.030209  0.000000  0.927221  
0.039151  0.027354  0.000000  0.933494  
0.035986  0.024752  0.000000  0.939262  
0.033058  0.022383  0.000000  0.944559  
0.030352  0.020229  0.000000  0.949419  
0.027852  0.018272  0.000000  0.953876  
0.025546  0.016496  0.000000  0.957958  
0.023420  0.014886  0.000000  0.961694  
0.021462  0.013426  0.000000  0.965111  
0.019662  0.012104  0.000000  0.968234  
0.018007  0.010907  0.000000  0.971086  
0.016488  0.009823  0.000000  0.973690  
0.015093  0.008842  0.000000  0.976064  
0.013815  0.007955  0.000000  0.978230  
0.012643  0.007153  0.000000  0.980204  
0.011570  0.006428  0.000000  0.982002  
0.010586  0.005773  0.000000  0.983641  
0.009687  0.005181  0.000000  0.985132  
0.008863  0.004647  0.000000  0.986489  
0.008110  0.004165  0.000000  0.987724  
0.007421  0.003731  0.000000  0.988848  
0.006791  0.003339  0.000000  0.989869  
0.006216  0.002987  0.000000  0.990797  
0.005689  0.002670  0.000000  0.991641  
0.005208  0.002384  0.000000  0.992408  
0.004768  0.002128  0.000000  0.993104  
0.004366  0.001898  0.000000  0.993736  
0.003999  0.001692  0.000000  0.994310  
0.003663  0.001506  0.000000  0.994831  
0.003356  0.001341  0.000000  0.995303  
0.003076  0.001192  0.000000  0.995732  
0.002819  0.001060  0.000000  0.996121  
0.002585  0.000942  0.000000  0.996474  
0.002370  0.000837  0.000000  0.996794  
0.002172  0.000743  0.000000  0.997084  
0.001991  0.000660  0.000000  0.997349  
0.001824  0.000587  0.000000  0.997589  
0.001671  0.000521  0.000000  0.997808  
0.001529  0.000464  0.000000  0.998007  
0.001399  0.000413  0.000000  0.998188  
0.001279  0.000368  0.000000  0.998353  
0.001168  0.000328  0.000000  0.998504  
0.001066  0.000292  0.000000  0.998642  
0.000972  0.000261  0.000000  0.998767  
0.000886  0.000233  0.000000  0.998881  
0.000806  0.000208  0.000000  0.998985  
0.000733  0.000187  0.000000  0.999080  
0.000666  0.000167  0.000000  0.999167  
0.000604  0.000150  0.000000  0.999246  
0.000548  0.000135  0.000000  0.999317  
0.000496  0.000121  0.000000  0.999383  
0.000449  0.000109  0.000000  0.999442  
0.000406  0.000098  0.000000  0.999496  
0.000367  0.000089  0.000000  0.999545  
0.000331  0.000080  0.000000  0.999589  
0.000299  0.000072  0.000000  0.999629  
0.000270  0.000065  0.000000  0.999665  
0.000244  0.000059  0.000000  0.999698  
0.000220  0.000053  0.000000  0.999727  
0.000198  0.000048  0.000000  0.999754  
0.000179  0.000043  0.000000  0.999778  
0.000162  0.000039  0.000000  0.999799  
0.000146  0.000035  0.000000  0.999819  
0.000132  0.000032  0.000000  0.999836  
0.000119  0.000029  0.000000  0.999852  
0.000107  0.000026  0.000000  0.999866  
0.000097  0.000024  0.000000  0.999879  
0.000088  0.000021  0.000000  0.999891  
動作1：0.999907  0.000000  0.000078  0.000016  
動作2：0.000000  0.999981  0.000000  0.000019  
動作3：0.001869  0.000000  0.998130  0.000000  
動作4：0.000088  0.000021  0.000000  0.999891  
