0.267590  0.264175  0.177706  0.290529  
0.278051  0.271270  0.122762  0.327917  
0.282436  0.272583  0.082991  0.361989  
0.282083  0.269587  0.055222  0.393108  
0.278247  0.263590  0.036326  0.421837  
0.271952  0.255609  0.023699  0.448741  
0.263968  0.246378  0.015368  0.474286  
0.254857  0.236403  0.009920  0.498820  
0.245017  0.226027  0.006381  0.522576  
0.234732  0.215475  0.004093  0.545700  
0.224209  0.204900  0.002618  0.568272  
0.213600  0.194405  0.001672  0.590323  
0.203020  0.184061  0.001065  0.611854  
0.192560  0.173919  0.000677  0.632844  
0.182292  0.164013  0.000430  0.653265  
0.172272  0.154373  0.000272  0.673082  
0.162544  0.145022  0.000172  0.692262  
0.153140  0.135981  0.000109  0.710770  
0.144085  0.127268  0.000069  0.728579  
0.135394  0.118898  0.000043  0.745665  
0.127080  0.110883  0.000027  0.762010  
0.119148  0.103231  0.000017  0.777603  
0.111600  0.095950  0.000011  0.792440  
0.104431  0.089042  0.000007  0.806520  
0.097637  0.082508  0.000004  0.819850  
0.091210  0.076345  0.000003  0.832442  
0.085138  0.070549  0.000002  0.844311  
0.079409  0.065112  0.000001  0.855477  
0.074012  0.060026  0.000001  0.865962  
0.068932  0.055277  0.000000  0.875790  
0.064156  0.050855  0.000000  0.884989  
0.059671  0.046743  0.000000  0.893586  
0.055462  0.042927  0.000000  0.901611  
0.051517  0.039391  0.000000  0.909091  
0.047822  0.036121  0.000000  0.916057  
0.044365  0.033099  0.000000  0.922535  
0.041134  0.030312  0.000000  0.928555  
0.038115  0.027743  0.000000  0.934141  
0.035300  0.025378  0.000000  0.939322  
0.032676  0.023203  0.000000  0.944121  
0.030233  0.021203  0.000000  0.948564  
0.027962  0.019366  0.000000  0.952672  
0.025853  0.017679  0.000000  0.956468  
0.023895  0.016131  0.000000  0.959974  
0.022080  0.014711  0.000000  0.963209  
0.020398  0.013408  0.000000  0.966193  
0.018841  0.012214  0.000000  0.968945  
0.017399  0.011120  0.000000  0.971480  
0.016066  0.010119  0.000000  0.973815  
0.014834  0.009202  0.000000  0.975965  
0.013695  0.008362  0.000000  0.977943  
0.012642  0.007595  0.000000  0.979763  
0.011671  0.006894  0.000000  0.981436  
0.010774  0.006253  0.000000  0.982973  
0.009946  0.005669  0.000000  0.984386  
0.009182  0.005135  0.000000  0.985683  
0.008477  0.004649  0.000000  0.986874  
0.007826  0.004206  0.000000  0.987967  
0.007227  0.003803  0.000000  0.988970  
0.006673  0.003437  0.000000  0.989890  
0.006163  0.003103  0.000000  0.990733  
0.005693  0.002801  0.000000  0.991506  
0.005259  0.002526  0.000000  0.992214  
0.004860  0.002278  0.000000  0.992863  
0.004491  0.002053  0.000000  0.993457  
0.004150  0.001849  0.000000  0.994001  
0.003834  0.001666  0.000000  0.994499  
0.003542  0.001501  0.000000  0.994957  
0.003272  0.001353  0.000000  0.995376  
0.003020  0.001219  0.000000  0.995760  
0.002787  0.001100  0.000000  0.996113  
0.002570  0.000992  0.000000  0.996437  
0.002369  0.000896  0.000000  0.996735  
0.002182  0.000809  0.000000  0.997008  
0.002009  0.000732  0.000000  0.997260  
0.001848  0.000662  0.000000  0.997490  
0.001698  0.000599  0.000000  0.997703  
0.001560  0.000543  0.000000  0.997897  
0.001431  0.000492  0.000000  0.998077  
0.001312  0.000447  0.000000  0.998241  
0.001202  0.000406  0.000000  0.998392  
0.001100  0.000369  0.000000  0.998531  
0.001006  0.000336  0.000000  0.998658  
0.000919  0.000306  0.000000  0.998775  
0.000839  0.000279  0.000000  0.998882  
0.000766  0.000255  0.000000  0.998980  
0.000699  0.000232  0.000000  0.999069  
0.000637  0.000212  0.000000  0.999151  
0.000581  0.000194  0.000000  0.999225  
0.000530  0.000177  0.000000  0.999293  
0.000483  0.000162  0.000000  0.999355  
0.000440  0.000148  0.000000  0.999412  
0.000402  0.000135  0.000000  0.999463  
0.000366  0.000124  0.000000  0.999510  
0.000334  0.000113  0.000000  0.999553  
0.000305  0.000103  0.000000  0.999592  
0.000278  0.000095  0.000000  0.999627  
0.000254  0.000087  0.000000  0.999660  
0.000232  0.000079  0.000000  0.999689  
0.000212  0.000072  0.000000  0.999716  
