0.270510  0.267223  0.164314  0.297953  
0.280874  0.274413  0.103776  0.340938  
0.283210  0.273984  0.063734  0.379073  
0.279864  0.268417  0.038411  0.413308  
0.272765  0.259660  0.022860  0.444715  
0.263288  0.249048  0.013489  0.474175  
0.252355  0.237435  0.007913  0.502297  
0.240570  0.225350  0.004621  0.529459  
0.228330  0.213115  0.002689  0.555866  
0.215905  0.200930  0.001560  0.581604  
0.203485  0.188925  0.000903  0.606687  
0.191211  0.177183  0.000521  0.631084  
0.179191  0.165766  0.000300  0.654743  
0.167508  0.154715  0.000173  0.677604  
0.156230  0.144062  0.000099  0.699609  
0.145408  0.133832  0.000057  0.720704  
0.135076  0.124044  0.000032  0.740848  
0.125259  0.114715  0.000018  0.760008  
0.115970  0.105857  0.000010  0.778163  
0.107213  0.097477  0.000006  0.795304  
0.098986  0.089579  0.000003  0.811431  
0.091281  0.082161  0.000002  0.826556  
0.084084  0.075219  0.000001  0.840696  
0.077377  0.068743  0.000001  0.853879  
0.071140  0.062722  0.000000  0.866137  
0.065351  0.057142  0.000000  0.877507  
0.059987  0.051984  0.000000  0.888029  
0.055022  0.047231  0.000000  0.897747  
0.050433  0.042862  0.000000  0.906705  
0.046196  0.038855  0.000000  0.914949  
0.042287  0.035188  0.000000  0.922524  
0.038686  0.031839  0.000000  0.929475  
0.035370  0.028784  0.000000  0.935846  
0.032319  0.026003  0.000000  0.941677  
0.029515  0.023475  0.000000  0.947010  
0.026939  0.021180  0.000000  0.951881  
0.024575  0.019098  0.000000  0.956327  
0.022407  0.017212  0.000000  0.960381  
0.020421  0.015504  0.000000  0.964075  
0.018603  0.013960  0.000000  0.967437  
0.016940  0.012564  0.000000  0.970496  
0.015421  0.011302  0.000000  0.973277  
0.014034  0.010163  0.000000  0.975803  
0.012769  0.009134  0.000000  0.978097  
0.011616  0.008205  0.000000  0.980179  
0.010566  0.007367  0.000000  0.982068  
0.009609  0.006610  0.000000  0.983780  
0.008738  0.005929  0.000000  0.985333  
0.007946  0.005314  0.000000  0.986740  
0.007226  0.004760  0.000000  0.988014  
0.006570  0.004261  0.000000  0.989169  
0.005975  0.003812  0.000000  0.990213  
0.005433  0.003408  0.000000  0.991159  
0.004941  0.003045  0.000000  0.992014  
0.004494  0.002718  0.000000  0.992787  
0.004088  0.002425  0.000000  0.993487  
0.003719  0.002162  0.000000  0.994119  
0.003384  0.001926  0.000000  0.994690  
0.003079  0.001715  0.000000  0.995206  
0.002803  0.001525  0.000000  0.995672  
0.002551  0.001356  0.000000  0.996092  
0.002323  0.001205  0.000000  0.996472  
0.002116  0.001070  0.000000  0.996815  
0.001927  0.000949  0.000000  0.997124  
0.001756  0.000842  0.000000  0.997402  
0.001600  0.000747  0.000000  0.997654  
0.001457  0.000662  0.000000  0.997880  
0.001328  0.000587  0.000000  0.998085  
0.001209  0.000521  0.000000  0.998270  
0.001100  0.000462  0.000000  0.998438  
0.001001  0.000410  0.000000  0.998589  
0.000910  0.000365  0.000000  0.998725  
0.000827  0.000324  0.000000  0.998849  
0.000751  0.000288  0.000000  0.998961  
0.000681  0.000257  0.000000  0.999062  
0.000617  0.000229  0.000000  0.999154  
0.000559  0.000204  0.000000  0.999237  
0.000506  0.000182  0.000000  0.999312  
0.000457  0.000163  0.000000  0.999380  
0.000413  0.000146  0.000000  0.999441  
0.000372  0.000131  0.000000  0.999497  
0.000335  0.000117  0.000000  0.999547  
0.000302  0.000105  0.000000  0.999593  
0.000272  0.000095  0.000000  0.999634  
0.000244  0.000085  0.000000  0.999671  
0.000219  0.000077  0.000000  0.999704  
0.000197  0.000069  0.000000  0.999734  
0.000177  0.000062  0.000000  0.999761  
0.000159  0.000056  0.000000  0.999785  
0.000142  0.000051  0.000000  0.999807  
0.000128  0.000046  0.000000  0.999827  
0.000115  0.000041  0.000000  0.999844  
0.000103  0.000037  0.000000  0.999860  
0.000092  0.000034  0.000000  0.999874  
0.000083  0.000030  0.000000  0.999887  
0.000074  0.000027  0.000000  0.999898  
0.000067  0.000025  0.000000  0.999909  
0.000060  0.000022  0.000000  0.999918  
0.000054  0.000020  0.000000  0.999926  
0.000048  0.000018  0.000000  0.999933  
