0.269586  0.266068  0.168796  0.295550  
0.280088  0.273141  0.109947  0.336824  
0.283202  0.273214  0.069784  0.373800  
0.280903  0.268404  0.043503  0.407190  
0.274888  0.260445  0.026786  0.437881  
0.266426  0.250575  0.016353  0.466646  
0.256402  0.239620  0.009923  0.494054  
0.245417  0.228109  0.005995  0.520480  
0.233875  0.216374  0.003608  0.546144  
0.222055  0.204625  0.002166  0.571155  
0.210156  0.192999  0.001296  0.595549  
0.198325  0.181585  0.000774  0.619316  
0.186673  0.170447  0.000461  0.642418  
0.175288  0.159630  0.000274  0.664808  
0.164240  0.149165  0.000163  0.686432  
0.153584  0.139078  0.000096  0.707242  
0.143358  0.129391  0.000057  0.727194  
0.133591  0.120120  0.000034  0.746256  
0.124300  0.111281  0.000020  0.764400  
0.115494  0.102883  0.000012  0.781611  
0.107176  0.094933  0.000007  0.797885  
0.099342  0.087432  0.000004  0.813222  
0.091983  0.080380  0.000002  0.827635  
0.085088  0.073770  0.000001  0.841141  
0.078639  0.067596  0.000001  0.853765  
0.072618  0.061845  0.000000  0.865536  
0.067007  0.056505  0.000000  0.876488  
0.061784  0.051560  0.000000  0.886656  
0.056928  0.046992  0.000000  0.896080  
0.052418  0.042782  0.000000  0.904800  
0.048234  0.038911  0.000000  0.912854  
0.044357  0.035359  0.000000  0.920285  
0.040765  0.032103  0.000000  0.927131  
0.037442  0.029126  0.000000  0.933432  
0.034370  0.026406  0.000000  0.939224  
0.031533  0.023925  0.000000  0.944543  
0.028913  0.021664  0.000000  0.949423  
0.026498  0.019607  0.000000  0.953896  
0.024272  0.017736  0.000000  0.957992  
0.022224  0.016036  0.000000  0.961741  
0.020340  0.014492  0.000000  0.965168  
0.018610  0.013091  0.000000  0.968300  
0.017022  0.011819  0.000000  0.971159  
0.015566  0.010666  0.000000  0.973768  
0.014232  0.009621  0.000000  0.976147  
0.013010  0.008674  0.000000  0.978316  
0.011892  0.007816  0.000000  0.980293  
0.010868  0.007038  0.000000  0.982093  
0.009933  0.006335  0.000000  0.983733  
0.009078  0.005698  0.000000  0.985224  
0.008296  0.005122  0.000000  0.986582  
0.007582  0.004601  0.000000  0.987816  
0.006930  0.004131  0.000000  0.988939  
0.006335  0.003706  0.000000  0.989959  
0.005791  0.003323  0.000000  0.990886  
0.005295  0.002977  0.000000  0.991728  
0.004842  0.002665  0.000000  0.992493  
0.004428  0.002385  0.000000  0.993187  
0.004051  0.002132  0.000000  0.993817  
0.003706  0.001905  0.000000  0.994389  
0.003391  0.001701  0.000000  0.994907  
0.003104  0.001518  0.000000  0.995378  
0.002842  0.001354  0.000000  0.995804  
0.002603  0.001207  0.000000  0.996190  
0.002384  0.001075  0.000000  0.996541  
0.002183  0.000958  0.000000  0.996859  
0.002000  0.000853  0.000000  0.997147  
0.001831  0.000760  0.000000  0.997409  
0.001676  0.000677  0.000000  0.997646  
0.001534  0.000604  0.000000  0.997862  
0.001403  0.000538  0.000000  0.998059  
0.001282  0.000480  0.000000  0.998238  
0.001171  0.000429  0.000000  0.998400  
0.001068  0.000383  0.000000  0.998548  
0.000974  0.000343  0.000000  0.998683  
0.000888  0.000307  0.000000  0.998806  
0.000808  0.000275  0.000000  0.998917  
0.000735  0.000247  0.000000  0.999019  
0.000667  0.000221  0.000000  0.999111  
0.000606  0.000199  0.000000  0.999196  
0.000549  0.000179  0.000000  0.999272  
0.000497  0.000161  0.000000  0.999342  
0.000450  0.000145  0.000000  0.999405  
0.000407  0.000131  0.000000  0.999463  
0.000367  0.000118  0.000000  0.999515  
0.000331  0.000107  0.000000  0.999562  
0.000299  0.000096  0.000000  0.999604  
0.000270  0.000087  0.000000  0.999643  
0.000243  0.000079  0.000000  0.999678  
0.000219  0.000071  0.000000  0.999709  
0.000198  0.000065  0.000000  0.999738  
0.000178  0.000059  0.000000  0.999763  
0.000161  0.000053  0.000000  0.999786  
0.000145  0.000048  0.000000  0.999807  
0.000131  0.000044  0.000000  0.999826  
0.000118  0.000040  0.000000  0.999843  
0.000106  0.000036  0.000000  0.999858  
0.000096  0.000032  0.000000  0.999872  
0.000087  0.000029  0.000000  0.999884  
0.000078  0.000027  0.000000  0.999895  
